    0.0000000000     0.0000000000     0.0000261464    -0.0000261464
   -0.0000261464     0.0000000000     0.0000224012     0.0000037452
   -0.0000224012     0.0000000000     0.0000392372    -0.0000168360
   -0.0000392372     0.0000000000     0.0000767245    -0.0000374873
   -0.0000767245     0.0000000000     0.0001298148    -0.0000530903
   -0.0001298148     0.0000000000     0.0001934066    -0.0000635918
   -0.0001934066     0.0000000000     0.0002630046    -0.0000695980
   -0.0002630046     0.0000000000     0.0003346490    -0.0000716445
   -0.0003346490     0.0000000000     0.0004048201    -0.0000701711
   -0.0004048201     0.0000000000     0.0004704195    -0.0000655993
   -0.0004704195     0.0000000000     0.0005287981    -0.0000583787
   -0.0005287981     0.0000000000     0.0005777968    -0.0000489987
   -0.0005777968     0.0000000000     0.0006157757    -0.0000379789
   -0.0006157757     0.0000000000     0.0006416246    -0.0000258489
   -0.0006416246     0.0000000000     0.0006547493    -0.0000131247
   -0.0006547493     0.0000000000     0.0006550360    -0.0000002867
   -0.0006550360     0.0000000000     0.0006427975     0.0000122385
   -0.0006427975     0.0000000000     0.0006187088     0.0000240887
   -0.0006187088     0.0000000000     0.0005837383     0.0000349705
   -0.0005837383     0.0000000000     0.0005390845     0.0000446539
   -0.0005390845     0.0000000000     0.0004861256     0.0000529589
   -0.0004861256     0.0000000000     0.0004263927     0.0000597329
   -0.0004263927     0.0000000000     0.0003615713     0.0000648213
   -0.0003615713     0.0000000000     0.0002935372     0.0000680342
   -0.0002935372     0.0000000000     0.0002244173     0.0000691199
   -0.0002244173     0.0000000000     0.0001566530     0.0000677643
   -0.0001566530     0.0000000000     0.0000930121     0.0000636409
   -0.0000930121     0.0000000000     0.0000365102     0.0000565018
   -0.0000365102     0.0000000000    -0.0000095008     0.0000460110
    0.0000095008     0.0000000000    -0.0000382002     0.0000286995
    0.0000382002     0.0000000000     0.0000000000    -0.0000382002
    0.0000000000     0.0000261464     0.0000087736    -0.0000349200
   -0.0000087736    -0.0000037452     0.0000542795    -0.0000417607
   -0.0000542795     0.0000168360     0.0001312583    -0.0000938149
   -0.0001312583     0.0000374873     0.0002392240    -0.0001454529
   -0.0002392240     0.0000530903     0.0003739278    -0.0001877941
   -0.0003739278     0.0000635918     0.0005286505    -0.0002183146
   -0.0005286505     0.0000695980     0.0006956299    -0.0002365774
   -0.0006956299     0.0000716445     0.0008669254    -0.0002429400
   -0.0008669254     0.0000701711     0.0010349127    -0.0002381584
   -0.0010349127     0.0000655993     0.0011925925    -0.0002232792
   -0.0011925925     0.0000583787     0.0013338072    -0.0001995933
   -0.0013338072     0.0000489987     0.0014533959    -0.0001685874
   -0.0014533959     0.0000379789     0.0015472981    -0.0001318811
   -0.0015472981     0.0000258489     0.0016126051    -0.0000911559
   -0.0016126051     0.0000131247     0.0016475609    -0.0000480805
   -0.0016475609     0.0000002867     0.0016515177    -0.0000042435
   -0.0016515177    -0.0000122385     0.0016248538     0.0000389024
   -0.0016248538    -0.0000240887     0.0015688643     0.0000800782
   -0.0015688643    -0.0000349705     0.0014856405     0.0001181943
   -0.0014856405    -0.0000446539     0.0013779533     0.0001523410
   -0.0013779533    -0.0000529589     0.0012491594     0.0001817527
   -0.0012491594    -0.0000597329     0.0011031465     0.0002057459
   -0.0011031465    -0.0000648213     0.0009443347     0.0002236332
   -0.0009443347    -0.0000680342     0.0007777453     0.0002346235
   -0.0007777453    -0.0000691199     0.0006091426     0.0002377226
   -0.0006091426    -0.0000677643     0.0004452438     0.0002316631
   -0.0004452438    -0.0000636409     0.0002939812     0.0002149035
   -0.0002939812    -0.0000565018     0.0001647393     0.0001857437
   -0.0001647393    -0.0000460110     0.0000682627     0.0001424877
   -0.0000682627    -0.0000286995     0.0000148067     0.0000821554
   -0.0000148067     0.0000382002     0.0000000000    -0.0000233935
    0.0000000000     0.0000349200     0.0000224000    -0.0000573200
   -0.0000224000     0.0000417607     0.0000989811    -0.0001183417
   -0.0000989811     0.0000938149     0.0002212463    -0.0002160801
   -0.0002212463     0.0001454529     0.0003840300    -0.0003082367
   -0.0003840300     0.0001877941     0.0005805750    -0.0003843390
   -0.0005805750     0.0002183146     0.0008022341    -0.0004399737
   -0.0008022341     0.0002365774     0.0010391818    -0.0004735250
   -0.0010391818     0.0002429400     0.0012811944    -0.0004849526
   -0.0012811944     0.0002381584     0.0015182622    -0.0004752261
   -0.0015182622     0.0002232792     0.0017410369    -0.0004460538
   -0.0017410369     0.0001995933     0.0019411592    -0.0003997157
   -0.0019411592     0.0001685874     0.0021114969    -0.0003389250
   -0.0021114969     0.0001318811     0.0022463075    -0.0002666918
   -0.0022463075     0.0000911559     0.0023413346    -0.0001861830
   -0.0023413346     0.0000480805     0.0023938410    -0.0001005869
   -0.0023938410     0.0000042435     0.0024025861    -0.0000129886
   -0.0024025861    -0.0000389024     0.0023677550     0.0000737335
   -0.0023677550    -0.0000800782     0.0022908518     0.0001569815
   -0.0022908518    -0.0001181943     0.0021745721     0.0002344740
   -0.0021745721    -0.0001523410     0.0020226732     0.0003042399
   -0.0020226732    -0.0001817527     0.0018398617     0.0003645642
   -0.0018398617    -0.0002057459     0.0016317184     0.0004138892
   -0.0016317184    -0.0002236332     0.0014046774     0.0004506742
   -0.0014046774    -0.0002346235     0.0011660699     0.0004732310
   -0.0011660699    -0.0002377226     0.0009242320     0.0004795605
   -0.0009242320    -0.0002316631     0.0006886564     0.0004672387
   -0.0006886564    -0.0002149035     0.0004701278     0.0004334321
   -0.0004701278    -0.0001857437     0.0002806827     0.0003751888
   -0.0002806827    -0.0001424877     0.0001329783     0.0002901921
   -0.0001329783    -0.0000821554     0.0000381486     0.0001769851
   -0.0000381486     0.0000233935     0.0000000000     0.0000147551
    0.0000000000     0.0000573200     0.0000364920    -0.0000938120
   -0.0000364920     0.0001183417     0.0001386297    -0.0002204794
   -0.0001386297     0.0002160801     0.0002961137    -0.0003735641
   -0.0002961137     0.0003082367     0.0005004291    -0.0005125521
   -0.0005004291     0.0003843390     0.0007423596    -0.0006262695
   -0.0007423596     0.0004399737     0.0010115665    -0.0007091805
   -0.0010115665     0.0004735250     0.0012968787    -0.0007588373
   -0.0012968787     0.0004849526     0.0015868230    -0.0007748969
   -0.0015868230     0.0004752261     0.0018701514    -0.0007585545
   -0.0018701514     0.0004460538     0.0021362874    -0.0007121898
   -0.0021362874     0.0003997157     0.0023756801    -0.0006391085
   -0.0023756801     0.0003389250     0.0025800750    -0.0005433199
   -0.0025800750     0.0002666918     0.0027427092    -0.0004293260
   -0.0027427092     0.0001861830     0.0028584408    -0.0003019145
   -0.0028584408     0.0001005869     0.0029238144    -0.0001659605
   -0.0029238144     0.0000129886     0.0029370708    -0.0000262451
   -0.0029370708    -0.0000737335     0.0028981069     0.0001126974
   -0.0028981069    -0.0001569815     0.0028083947     0.0002466937
   -0.0028083947    -0.0002344740     0.0026708736     0.0003719951
   -0.0026708736    -0.0003042399     0.0024898309     0.0004852827
   -0.0024898309    -0.0003645642     0.0022707873     0.0005836078
   -0.0022707873    -0.0004138892     0.0020204075     0.0006642690
   -0.0020204075    -0.0004506742     0.0017464470     0.0007246346
   -0.0017464470    -0.0004732310     0.0014577463     0.0007619317
   -0.0014577463    -0.0004795605     0.0011642651     0.0007730417
   -0.0011642651    -0.0004672387     0.0008771363     0.0007543675
   -0.0008771363    -0.0004334321     0.0006086889     0.0007018796
   -0.0006086889    -0.0003751888     0.0003723585     0.0006115192
   -0.0003723585    -0.0002901921     0.0001823851     0.0004801655
   -0.0001823851    -0.0001769851     0.0000533067     0.0003060635
   -0.0000533067    -0.0000147551     0.0000000000     0.0000680618
    0.0000000000     0.0000938120     0.0000456357    -0.0001394477
   -0.0000456357     0.0002204794     0.0001675769    -0.0003424206
   -0.0001675769     0.0003735641     0.0003514004    -0.0005573876
   -0.0003514004     0.0005125521     0.0005856056    -0.0007467572
   -0.0005856056     0.0006262695     0.0008589215    -0.0008995855
   -0.0008589215     0.0007091805     0.0011597004    -0.0010099595
   -0.0011597004     0.0007588373     0.0014759316    -0.0010750685
   -0.0014759316     0.0007748969     0.0017955460    -0.0010945112
   -0.0017955460     0.0007585545     0.0021068066    -0.0010698151
   -0.0021068066     0.0007121898     0.0023986832    -0.0010040664
   -0.0023986832     0.0006391085     0.0026611738    -0.0009015991
   -0.0026611738     0.0005433199     0.0028855645    -0.0007677106
   -0.0028855645     0.0004293260     0.0030646287    -0.0006083902
   -0.0030646287     0.0003019145     0.0031927688    -0.0004300546
   -0.0031927688     0.0001659605     0.0032661049    -0.0002392966
   -0.0032661049     0.0000262451     0.0032825136    -0.0000426538
   -0.0032825136    -0.0001126974     0.0032416215     0.0001535896
   -0.0032416215    -0.0002466937     0.0031447586     0.0003435566
   -0.0031447586    -0.0003719951     0.0029948817     0.0005218719
   -0.0029948817    -0.0004852827     0.0027964775     0.0006836869
   -0.0027964775    -0.0005836078     0.0025554586     0.0008246267
   -0.0025554586    -0.0006642690     0.0022790667     0.0009406610
   -0.0022790667    -0.0007246346     0.0019757938     0.0010279075
   -0.0019757938    -0.0007619317     0.0016553301     0.0010823954
   -0.0016553301    -0.0007730417     0.0013285378     0.0010998340
   -0.0013285378    -0.0007543675     0.0010074465     0.0010754588
   -0.0010074465    -0.0007018796     0.0007052649     0.0010040612
   -0.0007052649    -0.0006115192     0.0004364281     0.0008803560
   -0.0004364281    -0.0004801655     0.0002167936     0.0006998000
   -0.0002167936    -0.0003060635     0.0000642351     0.0004586221
   -0.0000642351    -0.0000680618     0.0000000000     0.0001322968
    0.0000000000     0.0001394477     0.0000513848    -0.0001908326
   -0.0000513848     0.0003424206     0.0001865620    -0.0004775978
   -0.0001865620     0.0005573876     0.0003877873    -0.0007586128
   -0.0003877873     0.0007467572     0.0006410392    -0.0010000092
   -0.0006410392     0.0008995855     0.0009333398    -0.0011918860
   -0.0009333398     0.0010099595     0.0012520321    -0.0013286518
   -0.0012520321     0.0010750685     0.0015846068    -0.0014076432
   -0.0015846068     0.0010945112     0.0019188206    -0.0014287250
   -0.0019188206     0.0010698151     0.0022429389    -0.0013939334
   -0.0022429389     0.0010040664     0.0025460066    -0.0013071342
   -0.0025460066     0.0009015991     0.0028181022    -0.0011736947
   -0.0028181022     0.0007677106     0.0030505547    -0.0010001631
   -0.0030505547     0.0006083902     0.0032361208    -0.0007939563
   -0.0032361208     0.0004300546     0.0033691212    -0.0005630550
   -0.0033691212     0.0002392966     0.0034455371    -0.0003157125
   -0.0034455371     0.0000426538     0.0034630684    -0.0000601852
   -0.0034630684    -0.0001535896     0.0034211554     0.0001955026
   -0.0034211554    -0.0003435566     0.0033209652     0.0004437469
   -0.0033209652    -0.0005218719     0.0031653477     0.0006774894
   -0.0031653477    -0.0006836869     0.0029587671     0.0008902674
   -0.0029587671    -0.0008246267     0.0027072155     0.0010761784
   -0.0027072155    -0.0009406610     0.0024181187     0.0012297577
   -0.0024181187    -0.0010279075     0.0021002447     0.0013457815
   -0.0021002447    -0.0010823954     0.0017636218     0.0014190183
   -0.0017636218    -0.0010998340     0.0014194786     0.0014439771
   -0.0014194786    -0.0010754588     0.0010802208     0.0014147165
   -0.0010802208    -0.0010040612     0.0007594794     0.0013248027
   -0.0007594794    -0.0008803560     0.0004723192     0.0011675162
   -0.0004723192    -0.0006998000     0.0002357905     0.0009363287
   -0.0002357905    -0.0004586221     0.0000700575     0.0006243551
   -0.0000700575    -0.0001322968     0.0000000000     0.0002023543
    0.0000000000     0.0001908326     0.0000545203    -0.0002453528
   -0.0000545203     0.0004775978     0.0001969512    -0.0006200288
   -0.0001969512     0.0007586128     0.0004073274    -0.0009689890
   -0.0004073274     0.0010000092     0.0006697463    -0.0012624282
   -0.0006697463     0.0011918860     0.0009699500    -0.0014920897
   -0.0009699500     0.0013286518     0.0012945968    -0.0016532985
   -0.0012945968     0.0014076432     0.0016309784    -0.0017440249
   -0.0016309784     0.0014287250     0.0019669958    -0.0017647423
   -0.0019669958     0.0013939334     0.0022912663    -0.0017182039
   -0.0022912663     0.0013071342     0.0025932848    -0.0016091527
   -0.0025932848     0.0011736947     0.0028635921    -0.0014440020
   -0.0028635921     0.0010001631     0.0030939336    -0.0012305045
   -0.0030939336     0.0007939563     0.0032773967    -0.0009774194
   -0.0032773967     0.0005630550     0.0034085265    -0.0006941848
   -0.0034085265     0.0003157125     0.0034834172    -0.0003906031
   -0.0034834172     0.0000601852     0.0034997782    -0.0000765462
   -0.0034997782    -0.0001955026     0.0034569751     0.0002383056
   -0.0034569751    -0.0004437469     0.0033560427     0.0005446793
   -0.0033560427    -0.0006774894     0.0031996707     0.0008338615
   -0.0031996707    -0.0008902674     0.0029921628     0.0010977753
   -0.0029921628    -0.0010761784     0.0027393734     0.0013289678
   -0.0027393734    -0.0012297577     0.0024486242     0.0015205068
   -0.0024486242    -0.0013457815     0.0021286129     0.0016657929
   -0.0021286129    -0.0014190183     0.0017893203     0.0017583109
   -0.0017893203    -0.0014439771     0.0014419385     0.0017913589
   -0.0014419385    -0.0014147165     0.0010988492     0.0017578058
   -0.0010988492    -0.0013248027     0.0007737120     0.0016499399
   -0.0007737120    -0.0011675162     0.0004817751     0.0014594531
   -0.0004817751    -0.0009363287     0.0002405906     0.0011775132
   -0.0002405906    -0.0006243551     0.0000712879     0.0007936578
   -0.0000712879    -0.0002023543     0.0000000000     0.0002736422
    0.0000000000     0.0002453528     0.0000555767    -0.0003009295
   -0.0000555767     0.0006200288     0.0002000967    -0.0007645488
   -0.0002000967     0.0009689890     0.0004122565    -0.0011811488
   -0.0004122565     0.0012624282     0.0006749346    -0.0015251063
   -0.0006749346     0.0014920897     0.0009730824    -0.0017902375
   -0.0009730824     0.0016532985     0.0012930467    -0.0019732627
   -0.0012930467     0.0017440249     0.0016222295    -0.0020732077
   -0.0016222295     0.0017647423     0.0019489597    -0.0020914726
   -0.0019489597     0.0017182039     0.0022624859    -0.0020317301
   -0.0022624859     0.0016091527     0.0025530327    -0.0018996994
   -0.0025530327     0.0014440020     0.0028118841    -0.0017028534
   -0.0028118841     0.0012305045     0.0030314756    -0.0014500961
   -0.0030314756     0.0009774194     0.0032054855    -0.0011514293
   -0.0032054855     0.0006941848     0.0033289200    -0.0008176194
   -0.0033289200     0.0003906031     0.0033981906    -0.0004598737
   -0.0033981906     0.0000765462     0.0034111788    -0.0000895344
   -0.0034111788    -0.0002383056     0.0033672873     0.0002821971
   -0.0033672873    -0.0005446793     0.0032674715     0.0006444950
   -0.0032674715    -0.0008338615     0.0031142496     0.0009870834
   -0.0031142496    -0.0010977753     0.0029116871     0.0013003378
   -0.0029116871    -0.0013289678     0.0026653562     0.0015752987
   -0.0026653562    -0.0015205068     0.0023822708     0.0018035922
   -0.0023822708    -0.0016657929     0.0020708034     0.0019772604
   -0.0020708034    -0.0017583109     0.0017405954     0.0020885189
   -0.0017405954    -0.0017913589     0.0014024850     0.0021294693
   -0.0014024850    -0.0017578058     0.0010684894     0.0020918013
   -0.0010684894    -0.0016499399     0.0007519096     0.0019665197
   -0.0007519096    -0.0014594531     0.0004676640     0.0017436987
   -0.0004676640    -0.0011775132     0.0002330029     0.0014121743
   -0.0002330029    -0.0007936578     0.0000686802     0.0009579805
   -0.0000686802    -0.0002736422     0.0000000000     0.0003423224
    0.0000000000     0.0003009295     0.0000549526    -0.0003558821
   -0.0000549526     0.0007645488     0.0001970822    -0.0009066785
   -0.0001970822     0.0011811488     0.0004044514    -0.0013885180
   -0.0004044514     0.0015251063     0.0006593461    -0.0017800010
   -0.0006593461     0.0017902375     0.0009464391    -0.0020773305
   -0.0009464391     0.0019732627     0.0012521727    -0.0022789964
   -0.0012521727     0.0020732077     0.0015643883    -0.0023854233
   -0.0015643883     0.0020914726     0.0018721183    -0.0023992026
   -0.0018721183     0.0020317301     0.0021654854    -0.0023250973
   -0.0021654854     0.0018996994     0.0024356671    -0.0021698811
   -0.0024356671     0.0017028534     0.0026748996    -0.0019420858
   -0.0026748996     0.0014500961     0.0028765066    -0.0016517031
   -0.0028765066     0.0011514293     0.0030349429    -0.0013098656
   -0.0030349429     0.0008176194     0.0031458473    -0.0009285238
   -0.0031458473     0.0004598737     0.0032061001    -0.0005201265
   -0.0032061001     0.0000895344     0.0032138815    -0.0000973159
   -0.0032138815    -0.0002821971     0.0031687252     0.0003273535
   -0.0031687252    -0.0006444950     0.0030715616     0.0007416586
   -0.0030715616    -0.0009870834     0.0029247459     0.0011338991
   -0.0029247459    -0.0013003378     0.0027320637     0.0014930200
   -0.0027320637    -0.0015752987     0.0024987121     0.0018086503
   -0.0024987121    -0.0018035922     0.0022312536     0.0020710507
   -0.0022312536    -0.0019772604     0.0019375471     0.0022709668
   -0.0019375471    -0.0020885189     0.0016266673     0.0023993987
   -0.0016266673    -0.0021294693     0.0013088336     0.0024473030
   -0.0013088336    -0.0020918013     0.0009953881     0.0024052468
   -0.0009953881    -0.0019665197     0.0006988836     0.0022630242
   -0.0006988836    -0.0017436987     0.0004333704     0.0020092119
   -0.0004333704    -0.0014121743     0.0002149953     0.0016305494
   -0.0002149953    -0.0009579805     0.0000629342     0.0011100416
   -0.0000629342    -0.0003423224     0.0000000000     0.0004052567
    0.0000000000     0.0003558821     0.0000528766    -0.0004087587
   -0.0000528766     0.0009066785     0.0001886245    -0.0010424264
   -0.0001886245     0.0013885180     0.0003852606    -0.0015851540
   -0.0003852606     0.0017800010     0.0006250618    -0.0020198021
   -0.0006250618     0.0020773305     0.0008929345    -0.0023452032
   -0.0008929345     0.0022789964     0.0011758403    -0.0025619022
   -0.0011758403     0.0023854233     0.0014624000    -0.0026719830
   -0.0014624000     0.0023992026     0.0017426220    -0.0026794246
   -0.0017426220     0.0023250973     0.0020077237    -0.0025901989
   -0.0020077237     0.0021698811     0.0022500181    -0.0024121755
   -0.0022500181     0.0019420858     0.0024628501    -0.0021549179
   -0.0024628501     0.0016517031     0.0026405696    -0.0018294225
   -0.0026405696     0.0013098656     0.0027785317    -0.0014478277
   -0.0027785317     0.0009285238     0.0028731197    -0.0010231118
   -0.0028731197     0.0005201265     0.0029217831    -0.0005687899
   -0.0029217831     0.0000973159     0.0029230859    -0.0000986187
   -0.0029230859    -0.0003273535     0.0028767591     0.0003736803
   -0.0028767591    -0.0007416586     0.0027837502     0.0008346675
   -0.0027837502    -0.0011338991     0.0026462628     0.0012713866
   -0.0026462628    -0.0014930200     0.0024677787     0.0016715041
   -0.0024677787    -0.0018086503     0.0022530570     0.0020233720
   -0.0022530570    -0.0020710507     0.0020081051     0.0023160025
   -0.0020081051    -0.0022709668     0.0017401245     0.0025389474
   -0.0017401245    -0.0023993987     0.0014574371     0.0026820861
   -0.0014574371    -0.0024473030     0.0011694130     0.0027353272
   -0.0011694130    -0.0024052468     0.0008864296     0.0026882302
   -0.0008864296    -0.0022630242     0.0006199133     0.0025295405
   -0.0006199133    -0.0020092119     0.0003825289     0.0022465962
   -0.0003825289    -0.0016305494     0.0001885966     0.0018244817
   -0.0001885966    -0.0011100416     0.0000547270     0.0012439112
   -0.0000547270    -0.0004052567     0.0000000000     0.0004599837
    0.0000000000     0.0004087587     0.0000494479    -0.0004582066
   -0.0000494479     0.0010424264     0.0001751337    -0.0011681122
   -0.0001751337     0.0015851540     0.0003555723    -0.0017655926
   -0.0003555723     0.0020198021     0.0005735889    -0.0022378187
   -0.0005735889     0.0023452032     0.0008148271    -0.0025864414
   -0.0008148271     0.0025619022     0.0010671910    -0.0028142661
   -0.0010671910     0.0026719830     0.0013204191    -0.0029252111
   -0.0013204191     0.0026794246     0.0015657576    -0.0029247631
   -0.0015657576     0.0025901989     0.0017957164    -0.0028201578
   -0.0017957164     0.0024121755     0.0020038938    -0.0026203528
   -0.0020038938     0.0021549179     0.0021848568    -0.0023358810
   -0.0021848568     0.0018294225     0.0023340697    -0.0019786354
   -0.0023340697     0.0014478277     0.0024478600    -0.0015616180
   -0.0024478600     0.0010231118     0.0025234164    -0.0010986681
   -0.0025234164     0.0005687899     0.0025588100    -0.0006041835
   -0.0025588100     0.0000986187     0.0025530337    -0.0000928424
   -0.0025530337    -0.0003736803     0.0025060509     0.0004206631
   -0.0025060509    -0.0008346675     0.0024188477     0.0009218708
   -0.0024188477    -0.0012713866     0.0022934793     0.0013967550
   -0.0022934793    -0.0016715041     0.0021331036     0.0018318797
   -0.0021331036    -0.0020233720     0.0019419930     0.0022144827
   -0.0019419930    -0.0023160025     0.0017255187     0.0025324768
   -0.0017255187    -0.0025389474     0.0014901071     0.0027743590
   -0.0014901071    -0.0026820861     0.0012431696     0.0029290236
   -0.0012431696    -0.0027353272     0.0009930208     0.0029854759
   -0.0009930208    -0.0026882302     0.0007488068     0.0029324442
   -0.0007488068    -0.0025295405     0.0005204779     0.0027578694
   -0.0005204779    -0.0022465962     0.0003188543     0.0024482198
   -0.0003188543    -0.0018244817     0.0001558322     0.0019875038
   -0.0001558322    -0.0012439112     0.0000447137     0.0013550297
   -0.0000447137    -0.0004599837     0.0000000000     0.0005046974
    0.0000000000     0.0004582066     0.0000446890    -0.0005028956
   -0.0000446890     0.0011681122     0.0001568283    -0.0012802515
   -0.0001568283     0.0017655926     0.0003159859    -0.0019247502
   -0.0003159859     0.0022378187     0.0005060853    -0.0024279181
   -0.0005060853     0.0025864414     0.0007139987    -0.0027943548
   -0.0007139987     0.0028142661     0.0009289815    -0.0030292489
   -0.0009289815     0.0029252111     0.0011422110    -0.0031384406
   -0.0011422110     0.0029247631     0.0013464106    -0.0031289627
   -0.0013464106     0.0028201578     0.0015355539    -0.0030093010
   -0.0015355539     0.0026203528     0.0017046397    -0.0027894387
   -0.0017046397     0.0023358810     0.0018495327    -0.0024807740
   -0.0018495327     0.0019786354     0.0019668586    -0.0020959612
   -0.0019668586     0.0015616180     0.0020539459    -0.0016487053
   -0.0020539459     0.0010986681     0.0021088065    -0.0011535287
   -0.0021088065     0.0006041835     0.0021301454    -0.0006255224
   -0.0021301454     0.0000928424     0.0021173922    -0.0000800892
   -0.0021173922    -0.0004206631     0.0020707471     0.0004673081
   -0.0020707471    -0.0009218708     0.0019912331     0.0010013847
   -0.0019912331    -0.0013967550     0.0018807461     0.0015072421
   -0.0018807461    -0.0018318797     0.0017420937     0.0019705320
   -0.0017420937    -0.0022144827     0.0015790158     0.0023775606
   -0.0015790158    -0.0025324768     0.0013961764     0.0027153162
   -0.0013961764    -0.0027743590     0.0011991244     0.0029714111
   -0.0011991244    -0.0029290236     0.0009942210     0.0031339269
   -0.0009942210    -0.0029854759     0.0007885414     0.0031911556
   -0.0007885414    -0.0029324442     0.0005897611     0.0031312244
   -0.0005897611    -0.0027578694     0.0004060518     0.0029415787
   -0.0004060518    -0.0024482198     0.0002460121     0.0026082596
   -0.0002460121    -0.0019875038     0.0001186670     0.0021148488
   -0.0001186670    -0.0013550297     0.0000335160     0.0014401808
   -0.0000335160    -0.0005046974     0.0000000000     0.0005382133
    0.0000000000     0.0005028956     0.0000385940    -0.0005414896
   -0.0000385940     0.0012802515     0.0001338577    -0.0013755152
   -0.0001338577     0.0019247502     0.0002670101    -0.0020579027
   -0.0002670101     0.0024279181     0.0004236261    -0.0025845341
   -0.0004236261     0.0027943548     0.0005922800    -0.0029630086
   -0.0005922800     0.0030292489     0.0007639601    -0.0032009290
   -0.0007639601     0.0031384406     0.0009315719    -0.0033060524
   -0.0009315719     0.0031289627     0.0010895221    -0.0032869129
   -0.0010895221     0.0030093010     0.0012333832    -0.0031531621
   -0.0012333832     0.0027894387     0.0013596361    -0.0029156916
   -0.0013596361     0.0024807740     0.0014654829    -0.0025866209
   -0.0014654829     0.0020959612     0.0015487224    -0.0021792007
   -0.0015487224     0.0016487053     0.0016076778    -0.0017076607
   -0.0016076778     0.0011535287     0.0016411679    -0.0011870188
   -0.0016411679     0.0006255224     0.0016485100    -0.0006328645
   -0.0016485100     0.0000800892     0.0016295481    -0.0000611273
   -0.0016295481    -0.0004673081     0.0015846961     0.0005121601
   -0.0015846961    -0.0010013847     0.0015149896     0.0010710912
   -0.0015149896    -0.0015072421     0.0014221363     0.0016000954
   -0.0014221363    -0.0019705320     0.0013085573     0.0020841111
   -0.0013085573    -0.0023775606     0.0011774096     0.0025087083
   -0.0011774096    -0.0027153162     0.0010325809     0.0028601449
   -0.0010325809    -0.0029714111     0.0008786483     0.0031253437
   -0.0008786483    -0.0031339269     0.0007207980     0.0032917773
   -0.0007207980    -0.0031911556     0.0005647030     0.0033472506
   -0.0005647030    -0.0031312244     0.0004163659     0.0032795615
   -0.0004163659    -0.0029415787     0.0002819347     0.0030760099
   -0.0002819347    -0.0026082596     0.0001675085     0.0027226858
   -0.0001675085    -0.0021148488     0.0000789528     0.0022034046
   -0.0000789528    -0.0014401808     0.0000217089     0.0014974247
   -0.0000217089    -0.0005382133     0.0000000000     0.0005599222
    0.0000000000     0.0005414896     0.0000311680    -0.0005726576
   -0.0000311680     0.0013755152     0.0001064125    -0.0014507597
   -0.0001064125     0.0020579027     0.0002092487    -0.0021607388
   -0.0002092487     0.0025845341     0.0003274557    -0.0027027411
   -0.0003274557     0.0029630086     0.0004517566    -0.0030873094
   -0.0004517566     0.0032009290     0.0005752128    -0.0033243853
   -0.0005752128     0.0033060524     0.0006927026    -0.0034235422
   -0.0006927026     0.0032869129     0.0008004776    -0.0033946879
   -0.0008004776     0.0031531621     0.0008958057    -0.0032484901
   -0.0008958057     0.0029156916     0.0009766941    -0.0029965800
   -0.0009766941     0.0025866209     0.0010416901    -0.0026516169
   -0.0010416901     0.0021792007     0.0010897481    -0.0022272586
   -0.0010897481     0.0017076607     0.0011201523    -0.0017380650
   -0.0011201523     0.0011870188     0.0011324859    -0.0011993523
   -0.0011324859     0.0006328645     0.0011266324    -0.0006270111
   -0.0011266324     0.0000611273     0.0011028038    -0.0000372986
   -0.0011028038    -0.0005121601     0.0010615825     0.0005533814
   -0.0010615825    -0.0010710912     0.0010039720     0.0011287016
   -0.0010039720    -0.0016000954     0.0009314470     0.0016726205
   -0.0009314470    -0.0020841111     0.0008459925     0.0021695655
   -0.0008459925    -0.0025087083     0.0007501255     0.0026045753
   -0.0007501255    -0.0028601449     0.0006468862     0.0029633842
   -0.0006468862    -0.0031253437     0.0005397913     0.0032324386
   -0.0005397913    -0.0032917773     0.0004327397     0.0033988289
   -0.0004327397    -0.0033472506     0.0003298659     0.0034501244
   -0.0003298659    -0.0032795615     0.0002353384     0.0033740890
   -0.0002353384    -0.0030760099     0.0001531055     0.0031582428
   -0.0001531055    -0.0027226858     0.0000865950     0.0027891963
   -0.0000865950    -0.0022034046     0.0000383804     0.0022516191
   -0.0000383804    -0.0014974247     0.0000098072     0.0015259979
   -0.0000098072    -0.0005599222     0.0000000000     0.0005697294
    0.0000000000     0.0005726576     0.0000224583    -0.0005951159
   -0.0000224583     0.0014507597     0.0000748134    -0.0015031148
   -0.0000748134     0.0021607388     0.0001435516    -0.0022294770
   -0.0001435516     0.0027027411     0.0002191942    -0.0027783837
   -0.0002191942     0.0030873094     0.0002950154    -0.0031631306
   -0.0002950154     0.0033243853     0.0003664358    -0.0033958057
   -0.0003664358     0.0034235422     0.0004304939    -0.0034876003
   -0.0004304939     0.0033946879     0.0004853977    -0.0034495917
   -0.0004853977     0.0032484901     0.0005301619    -0.0032932543
   -0.0005301619     0.0029965800     0.0005643297    -0.0030307478
   -0.0005643297     0.0026516169     0.0005877728    -0.0026750600
   -0.0005877728     0.0022272586     0.0006005601    -0.0022400459
   -0.0006005601     0.0017380650     0.0006028839    -0.0017403888
   -0.0006028839     0.0011993523     0.0005950313    -0.0011914998
   -0.0005950313     0.0006270111     0.0005773897    -0.0006093695
   -0.0005773897     0.0000372986     0.0005504756    -0.0000103846
   -0.0005504756    -0.0005533814     0.0005149784     0.0005888786
   -0.0005149784    -0.0011287016     0.0004718100     0.0011718700
   -0.0004718100    -0.0016726205     0.0004221522     0.0017222783
   -0.0004221522    -0.0021695655     0.0003674936     0.0022242241
   -0.0003674936    -0.0026045753     0.0003096459     0.0026624230
   -0.0003096459    -0.0029633842     0.0002507293     0.0030223008
   -0.0002507293    -0.0032324386     0.0001931161     0.0032900517
   -0.0001931161    -0.0033988289     0.0001393221     0.0034526230
   -0.0001393221    -0.0034501244     0.0000918356     0.0034976109
   -0.0000918356    -0.0033740890     0.0000528790     0.0034130455
   -0.0000528790    -0.0031582428     0.0000240990     0.0031870229
   -0.0000240990    -0.0027891963     0.0000061866     0.0028071087
   -0.0000061866    -0.0022516191    -0.0000015619     0.0022593676
    0.0000015619    -0.0015259979    -0.0000017470     0.0015261830
    0.0000017470    -0.0005697294     0.0000000000     0.0005679824
    0.0000000000     0.0005951159     0.0000125758    -0.0006076918
   -0.0000125758     0.0015031148     0.0000395749    -0.0015301139
   -0.0000395749     0.0022294770     0.0000711245    -0.0022610266
   -0.0000711245     0.0027783837     0.0001009829    -0.0028082422
   -0.0001009829     0.0031631306     0.0001253155    -0.0031874632
   -0.0001253155     0.0033958057     0.0001421175    -0.0034126078
   -0.0001421175     0.0034876003     0.0001507106    -0.0034961934
   -0.0001507106     0.0034495917     0.0001513139    -0.0034501950
   -0.0001513139     0.0032932543     0.0001446968    -0.0032866372
   -0.0001446968     0.0030307478     0.0001319144    -0.0030179655
   -0.0001319144     0.0026750600     0.0001141185    -0.0026572640
   -0.0001141185     0.0022400459     0.0000924350    -0.0022183624
   -0.0000924350     0.0017403888     0.0000678987    -0.0017158525
   -0.0000678987     0.0011914998     0.0000414310    -0.0011650321
   -0.0000414310     0.0006093695     0.0000138510    -0.0005817894
   -0.0000138510     0.0000103846    -0.0000140921     0.0000175586
    0.0000140921    -0.0005888786    -0.0000416736     0.0006164601
    0.0000416736    -0.0011718700    -0.0000681436     0.0011983401
    0.0000681436    -0.0017222783    -0.0000926821     0.0017468167
    0.0000926821    -0.0022242241    -0.0001143661     0.0022459081
    0.0001143661    -0.0026624230    -0.0001321591     0.0026802160
    0.0001321591    -0.0030223008    -0.0001449335     0.0030350752
    0.0001449335    -0.0032900517    -0.0001515365     0.0032966547
    0.0001515365    -0.0034526230    -0.0001509126     0.0034519990
    0.0001509126    -0.0034976109    -0.0001422925     0.0034889909
    0.0001422925    -0.0034130455    -0.0001254589     0.0033962119
    0.0001254589    -0.0031870229    -0.0001010924     0.0031626564
    0.0001010924    -0.0028071087    -0.0000712002     0.0027772165
    0.0000712002    -0.0022593676    -0.0000396192     0.0022277866
    0.0000396192    -0.0015261830    -0.0000125929     0.0014991567
    0.0000125929    -0.0005679824     0.0000000000     0.0005553895
    0.0000000000     0.0006076918     0.0000017095    -0.0006094013
   -0.0000017095     0.0015301139     0.0000014456    -0.0015298499
   -0.0000014456     0.0022610266    -0.0000064061    -0.0022531750
    0.0000064061     0.0028082422    -0.0000244316    -0.0027902166
    0.0000244316     0.0031874632    -0.0000533210    -0.0031585738
    0.0000533210     0.0034126078    -0.0000923712    -0.0033735575
    0.0000923712     0.0034961934    -0.0001399274    -0.0034486373
    0.0001399274     0.0034501950    -0.0001937621    -0.0033963602
    0.0001937621     0.0032866372    -0.0002513858    -0.0032290136
    0.0002513858     0.0030179655    -0.0003102844    -0.0029590669
    0.0003102844     0.0026572640    -0.0003680891    -0.0025994592
    0.0003680891     0.0022183624    -0.0004226847    -0.0021637668
    0.0004226847     0.0017158525    -0.0004722647    -0.0016662725
    0.0004722647     0.0011650321    -0.0005153459    -0.0011219510
    0.0005153459     0.0005817894    -0.0005507512    -0.0005463841
    0.0005507512    -0.0000175586    -0.0005775734     0.0000443808
    0.0005775734    -0.0006164601    -0.0005951268     0.0006340135
    0.0005951268    -0.0011983401    -0.0006028981     0.0012061114
    0.0006028981    -0.0017468167    -0.0006005027     0.0017444213
    0.0006005027    -0.0022459081    -0.0005876558     0.0022330611
    0.0005876558    -0.0026802160    -0.0005641668     0.0026567271
    0.0005641668    -0.0030350752    -0.0005299684     0.0030008768
    0.0005299684    -0.0032966547    -0.0004851899     0.0032518762
    0.0004851899    -0.0034519990    -0.0004302886     0.0033970977
    0.0004302886    -0.0034889909    -0.0003662492     0.0034249515
    0.0003662492    -0.0033962119    -0.0002948615     0.0033248243
    0.0002948615    -0.0031626564    -0.0002190829     0.0030868777
    0.0002190829    -0.0027772165    -0.0001434859     0.0027016195
    0.0001434859    -0.0022277866    -0.0000747873     0.0021590880
    0.0000747873    -0.0014991567    -0.0000224557     0.0014468251
    0.0000224557    -0.0005553895     0.0000000000     0.0005329338
    0.0000000000     0.0006094013    -0.0000098667    -0.0005995347
    0.0000098667     0.0015298499    -0.0000385738    -0.0015011427
    0.0000385738     0.0022531750    -0.0000869667    -0.0022047821
    0.0000869667     0.0027902166    -0.0001536718    -0.0027235116
    0.0001536718     0.0031585738    -0.0002360893    -0.0030761563
    0.0002360893     0.0033735575    -0.0003307706    -0.0032788762
    0.0003307706     0.0034486373    -0.0004337530    -0.0033456548
    0.0004337530     0.0033963602    -0.0005408607    -0.0032892526
    0.0005408607     0.0032290136    -0.0006479576    -0.0031219166
    0.0006479576     0.0029590669    -0.0007511482    -0.0028558763
    0.0007511482     0.0025994592    -0.0008469224    -0.0025036851
    0.0008469224     0.0021637668    -0.0009322480    -0.0020784412
    0.0009322480     0.0016662725    -0.0010046173    -0.0015939032
    0.0010046173     0.0011219510    -0.0010620540    -0.0010645143
    0.0010620540     0.0005463841    -0.0011030924    -0.0005053457
    0.0011030924    -0.0000443808    -0.0011267370     0.0000680254
    0.0011267370    -0.0006340135    -0.0011324127     0.0006396893
    0.0011324127    -0.0012061114    -0.0011199150     0.0011936136
    0.0011199150    -0.0017444213    -0.0010893662     0.0017138726
    0.0010893662    -0.0022330611    -0.0010411895     0.0021848845
    0.0010411895    -0.0026567271    -0.0009761059     0.0025916434
    0.0009761059    -0.0030008768    -0.0008951655     0.0029199364
    0.0008951655    -0.0032518762    -0.0007998246     0.0031565353
    0.0007998246    -0.0033970977    -0.0006920769     0.0032893501
    0.0006920769    -0.0034249515    -0.0005746534     0.0033075279
    0.0005746534    -0.0033248243    -0.0004512963     0.0032014672
    0.0004512963    -0.0030868777    -0.0003271171     0.0029626985
    0.0003271171    -0.0027016195    -0.0002090376     0.0025835400
    0.0002090376    -0.0021590880    -0.0001063142     0.0020563646
    0.0001063142    -0.0014468251    -0.0000311453     0.0013716562
    0.0000311453    -0.0005329338     0.0000000000     0.0005017885
    0.0000000000     0.0005995347    -0.0000217930    -0.0005777417
    0.0000217930     0.0015011427    -0.0000792317    -0.0014437040
    0.0000792317     0.0022047821    -0.0001680468    -0.0021159670
    0.0001680468     0.0027235116    -0.0002827528    -0.0026088056
    0.0002827528     0.0030761563    -0.0004174450    -0.0029414641
    0.0004174450     0.0032788762    -0.0005659937    -0.0031303275
    0.0005659937     0.0033456548    -0.0007222318    -0.0031894168
    0.0007222318     0.0032892526    -0.0008801475    -0.0031313368
    0.0008801475     0.0031219166    -0.0010340674    -0.0029679968
    0.0010340674     0.0028558763    -0.0011788111    -0.0027111326
    0.0011788111     0.0025036851    -0.0013098112    -0.0023726850
    0.0013098112     0.0020784412    -0.0014231920    -0.0019650604
    0.0014231920     0.0015939032    -0.0015158090    -0.0015012862
    0.0015158090     0.0010645143    -0.0015852539    -0.0009950694
    0.0015852539     0.0005053457    -0.0016298311    -0.0004607685
    0.0016298311    -0.0000680254    -0.0016485167     0.0000867109
    0.0016485167    -0.0006396893    -0.0016409076     0.0006320802
    0.0016409076    -0.0011936136    -0.0016071703     0.0011598763
    0.0016071703    -0.0017138726    -0.0015479975     0.0016546997
    0.0015479975    -0.0021848845    -0.0014645798     0.0021014668
    0.0014645798    -0.0025916434    -0.0013586029     0.0024856664
    0.0013586029    -0.0029199364    -0.0012322756     0.0027936092
    0.0012322756    -0.0031565353    -0.0010884019     0.0030126616
    0.0010884019    -0.0032893501    -0.0009305036     0.0031314517
    0.0009305036    -0.0033075279    -0.0007630058     0.0031400301
    0.0007630058    -0.0032014672    -0.0005914933     0.0030299547
    0.0005914933    -0.0029626985    -0.0004230434     0.0027942486
    0.0004230434    -0.0025835400    -0.0002666420     0.0024271385
    0.0002666420    -0.0020563646    -0.0001336810     0.0019234036
    0.0001336810    -0.0013716562    -0.0000385494     0.0012765246
    0.0000385494    -0.0005017885     0.0000000000     0.0004632391
    0.0000000000     0.0005777417    -0.0000336285    -0.0005441132
    0.0000336285     0.0014437040    -0.0001190434    -0.0013582891
    0.0001190434     0.0021159670    -0.0002467377    -0.0019882727
    0.0002467377     0.0026088056    -0.0004071483    -0.0024483950
    0.0004071483     0.0029414641    -0.0005911960    -0.0027574164
    0.0005911960     0.0031303275    -0.0007902428    -0.0029312807
    0.0007902428     0.0031894168    -0.0009960939    -0.0029835657
    0.0009960939     0.0031313368    -0.0012010645    -0.0029263662
    0.0012010645     0.0029679968    -0.0013980817    -0.0027709796
    0.0013980817     0.0027111326    -0.0015807932    -0.0025284210
    0.0015807932     0.0023726850    -0.0017436639    -0.0022098143
    0.0017436639     0.0019650604    -0.0018820452    -0.0018266790
    0.0018820452     0.0015012862    -0.0019922137    -0.0013911176
    0.0019922137     0.0009950694    -0.0020713775    -0.0009159056
    0.0020713775     0.0004607685    -0.0021176561    -0.0004144899
    0.0021176561    -0.0000867109    -0.0021300410     0.0000990959
    0.0021300410    -0.0006320802    -0.0021083462     0.0006103853
    0.0021083462    -0.0011598763    -0.0020531553     0.0011046854
    0.0020531553    -0.0016546997    -0.0019657766     0.0015673210
    0.0019657766    -0.0021014668    -0.0018482111     0.0019839013
    0.0018482111    -0.0024856664    -0.0017031424     0.0023405977
    0.0017031424    -0.0027936092    -0.0015339559     0.0026244228
    0.0015339559    -0.0030126616    -0.0013447961     0.0028235017
    0.0013447961    -0.0031314517    -0.0011406688     0.0029273244
    0.0011406688    -0.0031400301    -0.0009275990     0.0029269604
    0.0009275990    -0.0030299547    -0.0007128528     0.0028152085
    0.0007128528    -0.0027942486    -0.0005052302     0.0025866260
    0.0005052302    -0.0024271385    -0.0003154398     0.0022373481
    0.0003154398    -0.0019234036    -0.0001565617     0.0017645255
    0.0001565617    -0.0012765246    -0.0000446192     0.0011645821
    0.0000446192    -0.0004632391     0.0000000000     0.0004186199
    0.0000000000     0.0005441132    -0.0000448598    -0.0004992534
    0.0000448598     0.0013582891    -0.0001563230    -0.0012468259
    0.0001563230     0.0019882727    -0.0003197956    -0.0018248001
    0.0003197956     0.0024483950    -0.0005218881    -0.0022463025
    0.0005218881     0.0027574164    -0.0007506334    -0.0025286711
    0.0007506334     0.0029312807    -0.0009951639    -0.0026867502
    0.0009951639     0.0029835657    -0.0012455040    -0.0027332256
    0.0012455040     0.0029263662    -0.0014925011    -0.0026793691
    0.0014925011     0.0027709796    -0.0017278467    -0.0025356340
    0.0017278467     0.0025284210    -0.0019441434    -0.0023121244
    0.0019441434     0.0022098143    -0.0021349826    -0.0020189751
    0.0021349826     0.0018266790    -0.0022950123    -0.0016666494
    0.0022950123     0.0013911176    -0.0024199795    -0.0012661504
    0.0024199795     0.0009159056    -0.0025067450    -0.0008291401
    0.0025067450     0.0004144899    -0.0025532713    -0.0003679636
    0.0025532713    -0.0000990959    -0.0025585892     0.0001044139
    0.0025585892    -0.0006103853    -0.0025227518     0.0005745479
    0.0025227518    -0.0011046854    -0.0024467823     0.0010287159
    0.0024467823    -0.0015673210    -0.0023326252     0.0014531640
    0.0023326252    -0.0019839013    -0.0021831078     0.0018343839
    0.0021831078    -0.0023405977    -0.0020019180     0.0021594079
    0.0020019180    -0.0026244228    -0.0017936065     0.0024161112
    0.0017936065    -0.0028235017    -0.0015636186     0.0025935139
    0.0015636186    -0.0029273244    -0.0013183649     0.0026820706
    0.0013183649    -0.0029269604    -0.0010653361     0.0026739317
    0.0010653361    -0.0028152085    -0.0008132758     0.0025631481
    0.0008132758    -0.0025866260    -0.0005724189     0.0023457691
    0.0005724189    -0.0022373481    -0.0003548157     0.0020197450
    0.0003548157    -0.0017645255    -0.0001747586     0.0015844684
    0.0001747586    -0.0011645821    -0.0000493472     0.0010391708
    0.0000493472    -0.0004186199     0.0000000000     0.0003692727
    0.0000000000     0.0004992534    -0.0000549141    -0.0004443393
    0.0000549141     0.0012468259    -0.0001892249    -0.0011125151
    0.0001892249     0.0018248001    -0.0003837241    -0.0016303009
    0.0003837241     0.0022463025    -0.0006216828    -0.0020083438
    0.0006216828     0.0025286711    -0.0008886920    -0.0022616619
    0.0008886920     0.0026867502    -0.0011720328    -0.0024034094
    0.0011720328     0.0027332256    -0.0014602558    -0.0024450026
    0.0014602558     0.0026793691    -0.0017429826    -0.0023966423
    0.0017429826     0.0025356340    -0.0020108559    -0.0022677607
    0.0020108559     0.0023121244    -0.0022555733    -0.0020674069
    0.0022555733     0.0020189751    -0.0024699560    -0.0018045924
    0.0024699560     0.0016666494    -0.0026480189    -0.0014885865
    0.0026480189     0.0012661504    -0.0027850248    -0.0011291446
    0.0027850248     0.0008291401    -0.0028775121    -0.0007366527
    0.0028775121     0.0003679636    -0.0029232968    -0.0003221789
    0.0029232968    -0.0001044139    -0.0029214499     0.0001025669
    0.0029214499    -0.0005745479    -0.0028722582     0.0005253563
    0.0028722582    -0.0010287159    -0.0027771756     0.0009336333
    0.0027771756    -0.0014531640    -0.0026387704     0.0013147587
    0.0026387704    -0.0018343839    -0.0024606775     0.0016562910
    0.0024606775    -0.0021594079    -0.0022475602     0.0019462906
    0.0022475602    -0.0024161112    -0.0020050873     0.0021736383
    0.0020050873    -0.0025935139    -0.0017399310     0.0023283577
    0.0017399310    -0.0026820706    -0.0014597919     0.0024019315
    0.0014597919    -0.0026739317    -0.0011734590     0.0023875988
    0.0011734590    -0.0025631481    -0.0008909169     0.0022806059
    0.0008909169    -0.0023457691    -0.0006235177     0.0020783700
    0.0006235177    -0.0020197450    -0.0003842461     0.0017804733
    0.0003842461    -0.0015844684    -0.0001881126     0.0013883349
    0.0001881126    -0.0010391708    -0.0000527361     0.0009037943
    0.0000527361    -0.0003692727     0.0000000000     0.0003165366
    0.0000000000     0.0004443393    -0.0000631728    -0.0003811665
    0.0000631728     0.0011125151    -0.0002157938    -0.0009598941
    0.0002157938     0.0016303009    -0.0004348709    -0.0014112238
    0.0004348709     0.0020083438    -0.0007010702    -0.0017421445
    0.0007010702     0.0022616619    -0.0009981372    -0.0019645949
    0.0009981372     0.0024034094    -0.0013119657    -0.0020895809
    0.0013119657     0.0024450026    -0.0016299876    -0.0021269807
    0.0016299876     0.0023966423    -0.0019408702    -0.0020857597
    0.0019408702     0.0022677607    -0.0022344161    -0.0019742148
    0.0022344161     0.0020674069    -0.0025015771    -0.0018002459
    0.0025015771     0.0018045924    -0.0027345209    -0.0015716487
    0.0027345209     0.0014885865    -0.0029267097    -0.0012963976
    0.0029267097     0.0011291446    -0.0030729695    -0.0009828849
    0.0030729695     0.0007366527    -0.0031695355    -0.0006400867
    0.0031695355     0.0003221789    -0.0032140727    -0.0002776418
    0.0032140727    -0.0001025669    -0.0032056693     0.0000941636
    0.0032056693    -0.0005253563    -0.0031448104     0.0004644973
    0.0031448104    -0.0009336333    -0.0030333342     0.0008221571
    0.0030333342    -0.0013147587    -0.0028743793     0.0011558038
    0.0028743793    -0.0016562910    -0.0026723265     0.0014542383
    0.0026723265    -0.0019462906    -0.0024327420     0.0017067061
    0.0024327420    -0.0021736383    -0.0021623239     0.0019032202
    0.0021623239    -0.0023283577    -0.0018688580     0.0020348918
    0.0018688580    -0.0024019315    -0.0015611878     0.0020942613
    0.0015611878    -0.0023875988    -0.0012492056     0.0020756165
    0.0012492056    -0.0022806059    -0.0009438806     0.0019752810
    0.0009438806    -0.0020783700    -0.0006573498     0.0017918391
    0.0006573498    -0.0017804733    -0.0004031125     0.0015262360
    0.0004031125    -0.0013883349    -0.0001963921     0.0011816146
    0.0001963921    -0.0009037943    -0.0000547587     0.0007621609
    0.0000547587    -0.0003165366     0.0000000000     0.0002617779
    0.0000000000     0.0003811665    -0.0000689851    -0.0003121813
    0.0000689851     0.0009598941    -0.0002340180    -0.0007948612
    0.0002340180     0.0014112238    -0.0004695393    -0.0011757025
    0.0004695393     0.0017421445    -0.0007545853    -0.0014570986
    0.0007545853     0.0019645949    -0.0010717808    -0.0016473994
    0.0010717808     0.0020895809    -0.0014061589    -0.0017552028
    0.0014061589     0.0021269807    -0.0017444200    -0.0017887195
    0.0017444200     0.0020857597    -0.0020745731    -0.0017556067
    0.0020745731     0.0019742148    -0.0023858139    -0.0016629740
    0.0023858139     0.0018002459    -0.0026685341    -0.0015175257
    0.0026685341     0.0015716487    -0.0029143907    -0.0013257921
    0.0029143907     0.0012963976    -0.0031163953    -0.0010943930
    0.0031163953     0.0009828849    -0.0032689982    -0.0008302820
    0.0032689982     0.0006400867    -0.0033681538    -0.0005409311
    0.0033681538     0.0002776418    -0.0034113629    -0.0002344326
    0.0034113629    -0.0000941636    -0.0033976884     0.0000804891
    0.0033976884    -0.0004644973    -0.0033277456     0.0003945545
    0.0033277456    -0.0008221571    -0.0032036708     0.0006980823
    0.0032036708    -0.0011558038    -0.0030290716     0.0009812046
    0.0030290716    -0.0014542383    -0.0028089614     0.0012341281
    0.0028089614    -0.0017067061    -0.0025496839     0.0014474286
    0.0025496839    -0.0019032202    -0.0022588278     0.0016123640
    0.0022588278    -0.0020348918    -0.0019451359     0.0017211999
    0.0019451359    -0.0020942613    -0.0016184127     0.0017675382
    0.0016184127    -0.0020756165    -0.0012894372     0.0017466409
    0.0012894372    -0.0019752810    -0.0009698984     0.0016557422
    0.0009698984    -0.0017918391    -0.0006723869     0.0014943277
    0.0006723869    -0.0015262360    -0.0004105021     0.0012643512
    0.0004105021    -0.0011816146    -0.0001991689     0.0009702813
    0.0001991689    -0.0007621609    -0.0000553097     0.0006183017
    0.0000553097    -0.0002617779     0.0000000000     0.0002064682
    0.0000000000     0.0003121813    -0.0000716784    -0.0002405029
    0.0000716784     0.0007948612    -0.0002418880    -0.0006246517
    0.0002418880     0.0011757025    -0.0004841194    -0.0009334710
    0.0004841194     0.0014570986    -0.0007769636    -0.0011642544
    0.0007769636     0.0016473994    -0.0011027363    -0.0013216268
    0.0011027363     0.0017552028    -0.0014461653    -0.0014117737
    0.0014461653     0.0017887195    -0.0017936232    -0.0014412617
    0.0017936232     0.0017556067    -0.0021327776    -0.0014164522
    0.0021327776     0.0016629740    -0.0024524838    -0.0013432678
    0.0024524838     0.0015175257    -0.0027427992    -0.0012272104
    0.0027427992     0.0013257921    -0.0029950560    -0.0010735352
    0.0029950560     0.0010943930    -0.0032019558    -0.0008874933
    0.0032019558     0.0008302820    -0.0033576637    -0.0006745741
    0.0033576637     0.0005409311    -0.0034578933    -0.0004407014
    0.0034578933     0.0002344326    -0.0034999715    -0.0001923544
    0.0034999715    -0.0000804891    -0.0034828798     0.0000633974
    0.0034828798    -0.0003945545    -0.0034072690     0.0003189437
    0.0034072690    -0.0006980823    -0.0032754460     0.0005662594
    0.0032754460    -0.0009812046    -0.0030913341     0.0007970926
    0.0030913341    -0.0012341281    -0.0028604064     0.0010032005
    0.0028604064    -0.0014474286    -0.0025895962     0.0011766184
    0.0025895962    -0.0016123640    -0.0022871826     0.0013099504
    0.0022871826    -0.0017211999    -0.0019626546     0.0013966719
    0.0019626546    -0.0017675382    -0.0016265544     0.0014314380
    0.0016265544    -0.0017466409    -0.0012903074     0.0014103940
    0.0012903074    -0.0016557422    -0.0009660552     0.0013314899
    0.0009660552    -0.0014943277    -0.0006665285     0.0011948010
    0.0006665285    -0.0012643512    -0.0004050366     0.0010028593
    0.0004050366    -0.0009702813    -0.0001957021     0.0007609468
    0.0001957021    -0.0006183017    -0.0000541539     0.0004767535
    0.0000541539    -0.0002064682     0.0000000000     0.0001523143
    0.0000000000     0.0002405029    -0.0000705634    -0.0001699395
    0.0000705634     0.0006246517    -0.0002374702    -0.0004577449
    0.0002374702     0.0009334710    -0.0004752615    -0.0006956797
    0.0004752615     0.0011642544    -0.0007634064    -0.0008761096
    0.0007634064     0.0013216268    -0.0010847404    -0.0010002927
    0.0010847404     0.0014117737    -0.0014242303    -0.0010722838
    0.0014242303     0.0014412617    -0.0017683259    -0.0010971661
    0.0017683259     0.0014164522    -0.0021046999    -0.0010800782
    0.0021046999     0.0013432678    -0.0024221820    -0.0010257857
    0.0024221820     0.0012272104    -0.0027107828    -0.0009386095
    0.0027107828     0.0010735352    -0.0029617598    -0.0008225582
    0.0029617598     0.0008874933    -0.0031677045    -0.0006815485
    0.0031677045     0.0006745741    -0.0033226389    -0.0005196397
    0.0033226389     0.0004407014    -0.0034221117    -0.0003412287
    0.0034221117     0.0001923544    -0.0034632857    -0.0001511804
    0.0034632857    -0.0000633974    -0.0034450072     0.0000451189
    0.0034450072    -0.0003189437    -0.0033678498     0.0002417863
    0.0033678498    -0.0005662594    -0.0032341276     0.0004325371
    0.0032341276    -0.0007970926    -0.0030478737     0.0006108387
    0.0030478737    -0.0010032005    -0.0028147826     0.0007701094
    0.0028147826    -0.0011766184    -0.0025421144     0.0009039502
    0.0025421144    -0.0013099504    -0.0022385610     0.0010063970
    0.0022385610    -0.0013966719    -0.0019140727     0.0010721836
    0.0019140727    -0.0014314380    -0.0015796456     0.0010970108
    0.0015796456    -0.0014103940    -0.0012470723     0.0010778207
    0.0012470723    -0.0013314899    -0.0009286702     0.0010130878
    0.0009286702    -0.0011948010    -0.0006370211     0.0009031520
    0.0006370211    -0.0010028593    -0.0003848034     0.0007506416
    0.0003848034    -0.0007609468    -0.0001848728     0.0005610162
    0.0001848728    -0.0004767535    -0.0000508814     0.0003427621
    0.0000508814    -0.0001523143     0.0000000000     0.0001014329
    0.0000000000     0.0001699395    -0.0000649445    -0.0001049950
    0.0000649445     0.0004577449    -0.0002190333    -0.0003036560
    0.0002190333     0.0006956797    -0.0004401526    -0.0004745604
    0.0004401526     0.0008761096    -0.0007099689    -0.0006062933
    0.0007099689     0.0010002927    -0.0010125885    -0.0006976732
    0.0010125885     0.0010722838    -0.0013337112    -0.0007511611
    0.0013337112     0.0010971661    -0.0016602761    -0.0007706011
    0.0016602761     0.0010800782    -0.0019803582    -0.0007599962
    0.0019803582     0.0010257857    -0.0022831554    -0.0007229885
    0.0022831554     0.0009386095    -0.0025590080    -0.0006627569
    0.0025590080     0.0008225582    -0.0027994380    -0.0005821282
    0.0027994380     0.0006815485    -0.0029972113    -0.0004837753
    0.0029972113     0.0005196397    -0.0031464212    -0.0003704298
    0.0031464212     0.0003412287    -0.0032425881    -0.0002450618
    0.0032425881     0.0001511804    -0.0032827636    -0.0001110049
    0.0032827636    -0.0000451189    -0.0032656275     0.0000279828
    0.0032656275    -0.0002417863    -0.0031915642     0.0001677230
    0.0031915642    -0.0004325371    -0.0030627081     0.0003036810
    0.0030627081    -0.0006108387    -0.0028829496     0.0004310803
    0.0028829496    -0.0007701094    -0.0026578966     0.0005450564
    0.0026578966    -0.0009039502    -0.0023947861     0.0006408397
    0.0023947861    -0.0010063970    -0.0021023450     0.0007139558
    0.0021023450    -0.0010721836    -0.0017905954     0.0007604340
    0.0017905954    -0.0010970108    -0.0014706037     0.0007770192
    0.0014706037    -0.0010778207    -0.0011541717     0.0007613886
    0.0011541717    -0.0010130878    -0.0008534737     0.0007123899
    0.0008534737    -0.0009031520    -0.0005806637     0.0006303420
    0.0005806637    -0.0007506416    -0.0003475153     0.0005174931
    0.0003475153    -0.0005610162    -0.0001652508     0.0003787517
    0.0001652508    -0.0003427621    -0.0000448990     0.0002224103
    0.0000448990    -0.0001014329     0.0000000000     0.0000565339
    0.0000000000     0.0001049950    -0.0000541881    -0.0000508070
    0.0000541881     0.0003036560    -0.0001853538    -0.0001724903
    0.0001853538     0.0004745604    -0.0003770449    -0.0002828693
    0.0003770449     0.0006062933    -0.0006142004    -0.0003691379
    0.0006142004     0.0006976732    -0.0008827658    -0.0004291078
    0.0008827658     0.0007511611    -0.0011696180    -0.0004643088
    0.0011696180     0.0007706011    -0.0014626488    -0.0004775703
    0.0014626488     0.0007599962    -0.0017508374    -0.0004718076
    0.0017508374     0.0007229885    -0.0020242660    -0.0004495598
    0.0020242660     0.0006627569    -0.0022741023    -0.0004129207
    0.0022741023     0.0005821282    -0.0024925862    -0.0003636442
    0.0024925862     0.0004837753    -0.0026730476    -0.0003033139
    0.0026730476     0.0003704298    -0.0028099624    -0.0002335149
    0.0028099624     0.0002450618    -0.0028990445    -0.0001559797
    0.0028990445     0.0001110049    -0.0029373585    -0.0000726909
    0.0029373585    -0.0000279828    -0.0029234389     0.0000140632
    0.0029234389    -0.0001677230    -0.0028573969     0.0001016810
    0.0028573969    -0.0003036810    -0.0027409997     0.0001872838
    0.0027409997    -0.0004310803    -0.0025777095     0.0002677900
    0.0025777095    -0.0005450564    -0.0023726732     0.0003400201
    0.0023726732    -0.0006408397    -0.0021326558     0.0004008223
    0.0021326558    -0.0007139558    -0.0018659128     0.0004472129
    0.0018659128    -0.0007604340    -0.0015819986     0.0004765197
    0.0015819986    -0.0007770192    -0.0012915059     0.0004865265
    0.0012915059    -0.0007613886    -0.0010057334     0.0004756161
    0.0010057334    -0.0007123899    -0.0007362734     0.0004429298
    0.0007362734    -0.0006303420    -0.0004945200     0.0003885887
    0.0004945200    -0.0005174931    -0.0002911208     0.0003140939
    0.0002911208    -0.0003787517    -0.0001354671     0.0002230980
    0.0001354671    -0.0002224103    -0.0000355325     0.0001224757
    0.0000355325    -0.0000565339     0.0000000000     0.0000210014
    0.0000000000     0.0000508070    -0.0000379966    -0.0000128104
    0.0000379966     0.0001724903    -0.0001364655    -0.0000740213
    0.0001364655     0.0002828693    -0.0002863080    -0.0001330268
    0.0002863080     0.0003691379    -0.0004762288    -0.0001792171
    0.0004762288     0.0004291078    -0.0006943712    -0.0002109654
    0.0006943712     0.0004643088    -0.0009292897    -0.0002293902
    0.0009292897     0.0004775703    -0.0011704668    -0.0002363933
    0.0011704668     0.0004718076    -0.0014084845    -0.0002337899
    0.0014084845     0.0004495598    -0.0016350014    -0.0002230429
    0.0016350014     0.0004129207    -0.0018426592    -0.0002052628
    0.0018426592     0.0003636442    -0.0020249978    -0.0001813057
    0.0020249978     0.0003033139    -0.0021764180    -0.0001518937
    0.0021764180     0.0002335149    -0.0022922030    -0.0001177300
    0.0022922030     0.0001559797    -0.0023685917    -0.0000795910
    0.0023685917     0.0000726909    -0.0024028896    -0.0000383931
    0.0024028896    -0.0000140632    -0.0023935966     0.0000047702
    0.0023935966    -0.0001016810    -0.0023405333     0.0000486177
    0.0023405333    -0.0001872838    -0.0022449462     0.0000916966
    0.0022449462    -0.0002677900    -0.0021095763     0.0001324202
    0.0021095763    -0.0003400201    -0.0019386809     0.0001691247
    0.0019386809    -0.0004008223    -0.0017379976     0.0002001390
    0.0017379976    -0.0004472129    -0.0015146469     0.0002238622
    0.0015146469    -0.0004765197    -0.0012769696     0.0002388424
    0.0012769696    -0.0004865265    -0.0010342956     0.0002438526
    0.0010342956    -0.0004756161    -0.0007966400     0.0002379605
    0.0007966400    -0.0004429298    -0.0005743121     0.0002206020
    0.0005743121    -0.0003885887    -0.0003774144     0.0001916910
    0.0003774144    -0.0003140939    -0.0002151899     0.0001518693
    0.0002151899    -0.0002230980    -0.0000951935     0.0001031016
    0.0000951935    -0.0001224757    -0.0000224145     0.0000496967
    0.0000224145    -0.0000210014     0.0000000000    -0.0000014131
    0.0000000000     0.0000128104    -0.0000170785     0.0000042681
    0.0000170785     0.0000740213    -0.0000752121    -0.0000158877
    0.0000752121     0.0001330268    -0.0001722875    -0.0000359515
    0.0001722875     0.0001792171    -0.0003004155    -0.0000510890
    0.0003004155     0.0002109654    -0.0004503350    -0.0000610459
    0.0004503350     0.0002293902    -0.0006131541    -0.0000665711
    0.0006131541     0.0002363933    -0.0007809852    -0.0000685622
    0.0007809852     0.0002337899    -0.0009470259    -0.0000677493
    0.0009470259     0.0002230429    -0.0011054211    -0.0000646477
    0.0011054211     0.0002052628    -0.0012510833    -0.0000596006
    0.0012510833     0.0001813057    -0.0013795512    -0.0000528378
    0.0013795512     0.0001518937    -0.0014869137    -0.0000445312
    0.0014869137     0.0001177300    -0.0015698024    -0.0000348413
    0.0015698024     0.0000795910    -0.0016254417    -0.0000239517
    0.0016254417     0.0000383931    -0.0016517404    -0.0000120944
    0.0016517404    -0.0000047702    -0.0016474061     0.0000004359
    0.0016474061    -0.0000486177    -0.0016120649     0.0000132765
    0.0016120649    -0.0000916966    -0.0015463688     0.0000260005
    0.0015463688    -0.0001324202    -0.0014520767     0.0000381280
    0.0014520767    -0.0001691247    -0.0013320966     0.0000491446
    0.0013320966    -0.0002001390    -0.0011904818     0.0000585243
    0.0011904818    -0.0002238622    -0.0010323746     0.0000657551
    0.0010323746    -0.0002388424    -0.0008638973     0.0000703651
    0.0008638973    -0.0002438526    -0.0006919894     0.0000719447
    0.0006919894    -0.0002379605    -0.0005241925     0.0000701635
    0.0005241925    -0.0002206020    -0.0003683719     0.0000647814
    0.0003683719    -0.0001916910    -0.0002323459     0.0000556649
    0.0002323459    -0.0001518693    -0.0001233344     0.0000428579
    0.0001233344    -0.0001031016    -0.0000470682     0.0000268354
    0.0000470682    -0.0000496967    -0.0000063838     0.0000090123
    0.0000063838     0.0000014131     0.0000000000    -0.0000077968
    0.0000000000    -0.0000042681     0.0000042681     0.0000000000
   -0.0000042681     0.0000158877    -0.0000116195     0.0000000000
    0.0000116195     0.0000359515    -0.0000475710     0.0000000000
    0.0000475710     0.0000510890    -0.0000986600     0.0000000000
    0.0000986600     0.0000610459    -0.0001597060     0.0000000000
    0.0001597060     0.0000665711    -0.0002262771     0.0000000000
    0.0002262771     0.0000685622    -0.0002948393     0.0000000000
    0.0002948393     0.0000677493    -0.0003625885     0.0000000000
    0.0003625885     0.0000646477    -0.0004272363     0.0000000000
    0.0004272363     0.0000596006    -0.0004868369     0.0000000000
    0.0004868369     0.0000528378    -0.0005396746     0.0000000000
    0.0005396746     0.0000445312    -0.0005842059     0.0000000000
    0.0005842059     0.0000348413    -0.0006190471     0.0000000000
    0.0006190471     0.0000239517    -0.0006429988     0.0000000000
    0.0006429988     0.0000120944    -0.0006550932     0.0000000000
    0.0006550932    -0.0000004359    -0.0006546573     0.0000000000
    0.0006546573    -0.0000132765    -0.0006413808     0.0000000000
    0.0006413808    -0.0000260005    -0.0006153803     0.0000000000
    0.0006153803    -0.0000381280    -0.0005772522     0.0000000000
    0.0005772522    -0.0000491446    -0.0005281076     0.0000000000
    0.0005281076    -0.0000585243    -0.0004695833     0.0000000000
    0.0004695833    -0.0000657551    -0.0004038283     0.0000000000
    0.0004038283    -0.0000703651    -0.0003334632     0.0000000000
    0.0003334632    -0.0000719447    -0.0002615186     0.0000000000
    0.0002615186    -0.0000701635    -0.0001913550     0.0000000000
    0.0001913550    -0.0000647814    -0.0001265736     0.0000000000
    0.0001265736    -0.0000556649    -0.0000709087     0.0000000000
    0.0000709087    -0.0000428579    -0.0000280508     0.0000000000
    0.0000280508    -0.0000268354    -0.0000012154     0.0000000000
    0.0000012154    -0.0000090123     0.0000077968     0.0000000000
   -0.0000077968     0.0000077968     0.0000000000     0.0000000000
