    0.0000000000     0.0000000000     0.0000000000     0.0000000000
    0.0000000000     0.0000000000    -0.2801082752     1.0000000000
    0.0000000000     0.0000000000    -0.2815201976     1.0000000000
    0.0000000000     0.0000000000    -0.2813815014     1.0000000000
    0.0000000000     0.0000000000    -0.2808404392     1.0000000000
    0.0000000000     0.0000000000    -0.2804648401     1.0000000000
    0.0000000000     0.0000000000    -0.2805208102     1.0000000000
    0.0000000000     0.0000000000    -0.2811519125     1.0000000000
    0.0000000000     0.0000000000    -0.2824279725     1.0000000000
    0.0000000000     0.0000000000    -0.2843666917     1.0000000000
    0.0000000000     0.0000000000    -0.2869454756     1.0000000000
    0.0000000000     0.0000000000    -0.2901093324     1.0000000000
    0.0000000000     0.0000000000    -0.2937777104     1.0000000000
    0.0000000000     0.0000000000    -0.2978512692     1.0000000000
    0.0000000000     0.0000000000    -0.3022186672     1.0000000000
    0.0000000000     0.0000000000    -0.3067630880     1.0000000000
    0.0000000000     0.0000000000    -0.3113681341     1.0000000000
    0.0000000000     0.0000000000    -0.3159227489     1.0000000000
    0.0000000000     0.0000000000    -0.3203249229     1.0000000000
    0.0000000000     0.0000000000    -0.3244840661     1.0000000000
    0.0000000000     0.0000000000    -0.3283220578     1.0000000000
    0.0000000000     0.0000000000    -0.3317731187     1.0000000000
    0.0000000000     0.0000000000    -0.3347827802     1.0000000000
    0.0000000000     0.0000000000    -0.3373063535     1.0000000000
    0.0000000000     0.0000000000    -0.3393074279     1.0000000000
    0.0000000000     0.0000000000    -0.3407569984     1.0000000000
    0.0000000000     0.0000000000    -0.3416336309     1.0000000000
    0.0000000000     0.0000000000    -0.3419243592     1.0000000000
    0.0000000000     0.0000000000    -0.3416259686     1.0000000000
    0.0000000000     0.0000000000    -0.3407360914     1.0000000000
    0.0000000000     0.0000000000    -0.3391075695     1.0000000000
    0.0000000000     0.0000000000    -0.3362064730     1.0000000000
    0.0000000000     0.0000000000     0.0000000000     0.0000000000
    0.0000000000     0.0000000000    -0.2801082752     0.9742752902
    0.0003671729     0.0065165235    -0.2801082752     0.9742752902
    0.0006669438     0.0084588541    -0.2815201976     0.9742302520
    0.0008587642     0.0084441359    -0.2813815014     0.9741347925
    0.0017089801     0.0082025405    -0.2808404392     0.9740332600
    0.0031293594     0.0080058033    -0.2804648401     0.9739661023
    0.0049471311     0.0078781025    -0.2805208102     0.9739657568
    0.0070142262     0.0078083455    -0.2811519125     0.9740566240
    0.0092021339     0.0077855703    -0.2824279725     0.9742555966
    0.0113966828     0.0078020986    -0.2843666917     0.9745727076
    0.0134964389     0.0078519219    -0.2869454756     0.9750118326
    0.0154131070     0.0079294305    -0.2901093324     0.9755714207
    0.0170727270     0.0080288981    -0.2937777104     0.9762452279
    0.0184168321     0.0081444382    -0.2978512692     0.9770230260
    0.0194031060     0.0082701870    -0.3022186672     0.9778912745
    0.0200053467     0.0084005613    -0.3067630880     0.9788337468
    0.0202127158     0.0085305112    -0.3113681341     0.9798321138
    0.0200283664     0.0086557183    -0.3159227489     0.9808664948
    0.0194676163     0.0087727133    -0.3203249229     0.9819159940
    0.0185558829     0.0088789000    -0.3244840661     0.9829592466
    0.0173266291     0.0089724758    -0.3283220578     0.9839750006
    0.0158195888     0.0090522490    -0.3317731187     0.9849427558
    0.0140795442     0.0091173569    -0.3347827802     0.9858434747
    0.0121559080     0.0091669055    -0.3373063535     0.9866603590
    0.0101032901     0.0091995962    -0.3393074279     0.9873796687
    0.0079830377     0.0092134947    -0.3407569984     0.9879915340
    0.0058653608     0.0092062025    -0.3416336309     0.9884906897
    0.0038310145     0.0091753613    -0.3419243592     0.9888770355
    0.0019684447     0.0091162589    -0.3416259686     0.9891558837
    0.0003596395     0.0089941666    -0.3407360914     0.9893376726
   -0.0008304438     0.0085588441    -0.3391075695     0.9894368034
   -0.0006441560     0.0062589683    -0.3362064730     0.9894699931
    0.0000000000     0.0000000000    -0.3362064730     0.9894699931
    0.0000000000     0.0000000000    -0.2459259429     0.9229013490
    0.0000458851     0.0003759718    -0.2459259429     0.9229013490
    0.0007648890    -0.0003923239    -0.2449305232     0.9227363700
    0.0026358872    -0.0015676990    -0.2442351027     0.9224299420
    0.0055246331    -0.0026350704    -0.2437746127     0.9221094820
    0.0093287516    -0.0034683956    -0.2436167763     0.9218944062
    0.0138690140    -0.0040489063    -0.2438749214     0.9218820400
    0.0189132670    -0.0043887704    -0.2446373623     0.9221458450
    0.0242135085    -0.0045064825    -0.2459562076     0.9227365548
    0.0295258092    -0.0044220271    -0.2478472346     0.9236841394
    0.0346217175    -0.0041575210    -0.2502928392     0.9250000228
    0.0392960055    -0.0037379830    -0.2532465940     0.9266793576
    0.0433723169    -0.0031912282    -0.2566387253     0.9287032566
    0.0467071574    -0.0025470402    -0.2603821423     0.9310409241
    0.0491922887    -0.0018359439    -0.2643786530     0.9336516508
    0.0507555296    -0.0010878583    -0.2685249681     0.9364866657
    0.0513600453    -0.0003308387    -0.2727181105     0.9394908554
    0.0510023140     0.0004099393    -0.2768599193     0.9426043883
    0.0497090743     0.0011128417    -0.2808604412     0.9457643001
    0.0475336568     0.0017600070    -0.2846401247     0.9489061152
    0.0445521819     0.0023370954    -0.2881308553     0.9519655855
    0.0408601646     0.0028325310    -0.2912759906     0.9548806164
    0.0365700871     0.0032362461    -0.2940296622     0.9575934216
    0.0318104738     0.0035379953    -0.2963557234     0.9600528961
    0.0267269185     0.0037254196    -0.2982268350     0.9622171318
    0.0214853318     0.0037822617    -0.2996243497     0.9640559259
    0.0162774811     0.0036874777    -0.3005398343     0.9655530659
    0.0113289547     0.0034163401    -0.3009793825     0.9667081138
    0.0069077443     0.0029446464    -0.3009752765     0.9675373309
    0.0033221003     0.0022559209    -0.3006175679     0.9680732555
    0.0009165801     0.0013475878    -0.3000813809     0.9683623133
    0.0000274821     0.0002506442    -0.2996075513     0.9684614013
    0.0000000000     0.0000000000    -0.2996075513     0.9684614013
    0.0000000000     0.0000000000    -0.2170073098     0.8717634539
    0.0001487276    -0.0004775766    -0.2170073098     0.8717634539
    0.0014986617    -0.0024608197    -0.2159527363     0.8714275968
    0.0046244293    -0.0047666121    -0.2153260649     0.8708679528
    0.0090983738    -0.0069345662    -0.2149598223     0.8702948534
    0.0147276447    -0.0087244654    -0.2148985000     0.8699051585
    0.0212808679    -0.0100291783    -0.2152389417     0.8698607544
    0.0284659906    -0.0108158003    -0.2160515049     0.8702840896
    0.0359668437    -0.0110894029    -0.2173773801     0.8712594148
    0.0434660522    -0.0108769885    -0.2192274538     0.8728360233
    0.0506608111    -0.0102210603    -0.2215830374     0.8750321047
    0.0572746097    -0.0091762400    -0.2243991234     0.8778386904
    0.0630658490    -0.0078064305    -0.2276091652     0.8812234707
    0.0678339838    -0.0061818091    -0.2311307241     0.8851343876
    0.0714235040    -0.0043756239    -0.2348714569     0.8895029619
    0.0737259109    -0.0024609952    -0.2387349424     0.8942473537
    0.0746798389    -0.0005079845    -0.2426259213     0.8992751866
    0.0742695370     0.0014188171    -0.2464546146     0.9044862038
    0.0725220228     0.0032619594    -0.2501399181     0.9097748583
    0.0695033317     0.0049718765    -0.2536113927     0.9150329695
    0.0653143869     0.0065065715    -0.2568101030     0.9201525883
    0.0600870929     0.0078301672    -0.2596884643     0.9250292003
    0.0539812862     0.0089103341    -0.2622093556     0.9295653434
    0.0471831379     0.0097147340    -0.2643448298     0.9336746300
    0.0399054700     0.0102068156    -0.2660748266     0.9372860460
    0.0323901621     0.0103416130    -0.2673863715     0.9403482776
    0.0249124281     0.0100626759    -0.2682737648     0.9428337040
    0.0177863749     0.0093020238    -0.2687400851     0.9447416186
    0.0113679946     0.0079866763    -0.2688026630     0.9461001887
    0.0060407641     0.0060591432    -0.2685086121     0.9469665975
    0.0022129579     0.0035370024    -0.2679075213     0.9474247601
    0.0003637416     0.0007631149    -0.2669942777     0.9475812696
    0.0000000000     0.0000000000    -0.2669942777     0.9475812696
    0.0000000000     0.0000000000    -0.1906393335     0.8210682062
    0.0003131102    -0.0013093006    -0.1906393335     0.8210682062
    0.0022390126    -0.0050013193    -0.1894675228     0.8205277299
    0.0063375338    -0.0088756535    -0.1887984398     0.8196789554
    0.0120249597    -0.0124208501    -0.1884301849     0.8188261074
    0.0190161859    -0.0153414566    -0.1883899667     0.8182446794
    0.0270211916    -0.0174795748    -0.1887576441     0.8181597860
    0.0357030220    -0.0187686577    -0.1895867945     0.8187411583
    0.0447062261    -0.0192011472    -0.1909067822     0.8201049177
    0.0536751037    -0.0188100225    -0.1927209757     0.8223181408
    0.0622685043    -0.0176584470    -0.1950061675     0.8254043752
    0.0701721890    -0.0158328692    -0.1977150115     0.8293492923
    0.0771084527    -0.0134372929    -0.2007803568     0.8341061240
    0.0828432947    -0.0105878122    -0.2041206949     0.8396007345
    0.0871914100    -0.0074072048    -0.2076460825     0.8457362742
    0.0900191791    -0.0040197143    -0.2112639525     0.8523974251
    0.0912458086    -0.0005462894    -0.2148843210     0.8594542896
    0.0908428032     0.0028994035    -0.2184240236     0.8667660292
    0.0888320193     0.0062138740    -0.2218097539     0.8741844039
    0.0852826435     0.0093053195    -0.2249798218     0.8815574094
    0.0803075406     0.0120935256    -0.2278846810     0.8887332252
    0.0740594993     0.0145080220    -0.2304863899     0.8955646660
    0.0667279404     0.0164845121    -0.2327572523     0.9019142617
    0.0585366146     0.0179598128    -0.2346779444     0.9076599575
    0.0497426697     0.0188658738    -0.2362354671     0.9127012648
    0.0406371612     0.0191239339    -0.2374212940     0.9169655107
    0.0315466723     0.0186406279    -0.2382299894     0.9204136855
    0.0228355076     0.0173091407    -0.2386581838     0.9230453064
    0.0149044572     0.0150210942    -0.2387066228     0.9249016945
    0.0081725439     0.0116985742    -0.2383897501     0.9260670468
    0.0031194491     0.0073630909    -0.2376607810     0.9266665766
    0.0005400167     0.0023324758    -0.2362899620     0.9268617527
    0.0000000000     0.0000000000    -0.2362899620     0.9268617527
    0.0000000000     0.0000000000    -0.1655368278     0.7710865359
    0.0004167180    -0.0026503416    -0.1655368278     0.7710865359
    0.0027647093    -0.0085377860    -0.1641454333     0.7703241581
    0.0076032016    -0.0142551876    -0.1633770667     0.7691707969
    0.0141830386    -0.0193277095    -0.1629718540     0.7680329881
    0.0221364436    -0.0234534262    -0.1629264748     0.7672655070
    0.0311252108    -0.0264526140    -0.1633030260     0.7671540811
    0.0407810267    -0.0282401087    -0.1641395828     0.7679123350
    0.0507274759    -0.0288020744    -0.1654535625     0.7696850791
    0.0605928169    -0.0281795213    -0.1672395174     0.7725544859
    0.0700216702    -0.0264566919    -0.1694678194     0.7765473148
    0.0786859360    -0.0237519410    -0.1720866497     0.7816422564
    0.0862938349    -0.0202096913    -0.1750261077     0.7877769558
    0.0925969953    -0.0159927997    -0.1782035924     0.7948545232
    0.0973957171    -0.0112751566    -0.1815297525     0.8027494674
    0.1005425297    -0.0062346213    -0.1849143497     0.8113130669
    0.1019441516    -0.0010465626    -0.1882714909     0.8203782602
    0.1015619650     0.0041216457    -0.1915238208     0.8297641965
    0.0994111580     0.0091147871    -0.1946054193     0.8392806551
    0.0955587533     0.0137922479    -0.1974633079     0.8487325969
    0.0901208268     0.0180284248    -0.2000576091     0.8579251350
    0.0832592976     0.0217109042    -0.2023605213     0.8666691881
    0.0751787150     0.0247364239    -0.2043543599     0.8747879881
    0.0661234605     0.0270049398    -0.2060289637     0.8821244475
    0.0563756816     0.0284125598    -0.2073787867     0.8885491722
    0.0462540755     0.0288447247    -0.2084000067     0.8939686736
    0.0361134696     0.0281718705    -0.2090878429     0.8983331480
    0.0263455596     0.0262510938    -0.2094338037     0.9016430998
    0.0173781959     0.0229394572    -0.2094262562     0.9039540974
    0.0096612636     0.0181265532    -0.2090601689     0.9053789841
    0.0037462302     0.0117941032    -0.2082399532     0.9060867913
    0.0006601003     0.0041454232    -0.2066175920     0.9062983816
    0.0000000000     0.0000000000    -0.2066175920     0.9062983816
    0.0000000000     0.0000000000    -0.1416711695     0.7221299252
    0.0004777587    -0.0042241002    -0.1416711695     0.7221299252
    0.0031027729    -0.0125838232    -0.1401205993     0.7211453895
    0.0084382201    -0.0203007260    -0.1392770616     0.7196972112
    0.0156006677    -0.0269741575    -0.1388407612     0.7182971324
    0.0241535775    -0.0323219493    -0.1387893813     0.7173771573
    0.0337196366    -0.0361640804    -0.1391735972     0.7172791585
    0.0439087163    -0.0384120464    -0.1400194456     0.7182556232
    0.0543352200    -0.0390548920    -0.1413335125     0.7204754430
    0.0646257016    -0.0381462768    -0.1431012306     0.7240321027
    0.0744266421    -0.0357932249    -0.1452855366     0.7289527122
    0.0834127754    -0.0321459717    -0.1478288362     0.7352070131
    0.0912944767    -0.0273884087    -0.1506571274     0.7427159137
    0.0978238884    -0.0217288550    -0.1536854445     0.7513593465
    0.1027997718    -0.0153911110    -0.1568238965     0.7609833820
    0.1060711167    -0.0086059269    -0.1599836179     0.7714066280
    0.1075395475    -0.0016031524    -0.1630820434     0.7824260198
    0.1071605623     0.0053950683    -0.1660470689     0.7938221874
    0.1049436539     0.0121796331    -0.1688198137     0.8053646647
    0.1009514005     0.0185579102    -0.1713558701     0.8168172710
    0.0952976721     0.0243548681    -0.1736250741     0.8279440261
    0.0881451672     0.0294116520    -0.1756099642     0.8385159326
    0.0797025526     0.0335815902    -0.1773031859     0.8483188433
    0.0702215052     0.0367239781    -0.1787041548     0.8571624298
    0.0599939535     0.0386964797    -0.1798153101     0.8648900021
    0.0493497713     0.0393476130    -0.1806382957     0.8713886454
    0.0386553026     0.0385115433    -0.1811702429     0.8765989237
    0.0283140698     0.0360082957    -0.1813998045     0.8805233049
    0.0187684197     0.0316535657    -0.1813067556     0.8832325103
    0.0104908982     0.0252826269    -0.1808722158     0.8848691099
    0.0040860453     0.0167906611    -0.1799710319     0.8856477751
    0.0007212390     0.0062042100    -0.1781926195     0.8858526921
    0.0000000000     0.0000000000    -0.1781926195     0.8858526921
    0.0000000000     0.0000000000    -0.1189880593     0.6745209990
    0.0005103761    -0.0059247469    -0.1189880593     0.6745209990
    0.0032885460    -0.0169324502    -0.1173473209     0.6733316497
    0.0088945422    -0.0267410724    -0.1164619483     0.6716239660
    0.0163538933    -0.0350398976    -0.1160125228     0.6700121732
    0.0251785371    -0.0415875602    -0.1159666769     0.6690002679
    0.0349623444    -0.0462238229    -0.1163672848     0.6689798300
    0.0453025674    -0.0488726483    -0.1172307040     0.6702357486
    0.0558138306    -0.0495367041    -0.1185537522     0.6729552737
    0.0661313376    -0.0482885698    -0.1203128725     0.6772385866
    0.0759147448    -0.0452608576    -0.1224631837     0.6831097485
    0.0848534749    -0.0406359980    -0.1249407114     0.6905273395
    0.0926719019    -0.0346359846    -0.1276667044     0.6993944090
    0.0991339705    -0.0275122155    -0.1305532312     0.7095675580
    0.1040471393    -0.0195355602    -0.1335093452     0.7208651028
    0.1072656024    -0.0109868400    -0.1364471243     0.7330743685
    0.1086927614    -0.0021479914    -0.1392869839     0.7459582515
    0.1082829106     0.0067057251    -0.1419617965     0.7592612824
    0.1060420935     0.0153120342    -0.1444195167     0.7727155115
    0.1020281009     0.0234259986    -0.1466241756     0.7860466158
    0.0963496162     0.0308219702    -0.1485552739     0.7989806598
    0.0891645690     0.0372928243    -0.1502057396     0.8112519050
    0.0806778233     0.0426464034    -0.1515787252     0.8226119299
    0.0711383979     0.0466994703    -0.1526835804     0.8328400849
    0.0608365035     0.0492699527    -0.1535313628     0.8417549991
    0.0501007926     0.0501688131    -0.1541302529     0.8492265343
    0.0392965600     0.0491934236    -0.1544810742     0.8551873394
    0.0288269221     0.0461247402    -0.1545725666     0.8596430703
    0.0191364959     0.0407307031    -0.1543804241     0.8626804385
    0.0107064542     0.0327777016    -0.1538777399     0.8644724802
    0.0041646479     0.0220498876    -0.1529248195     0.8652807472
    0.0007303628     0.0083727081    -0.1510872440     0.8654555417
    0.0000000000     0.0000000000    -0.1510872440     0.8654555417
    0.0000000000     0.0000000000    -0.0974175556     0.6285662652
    0.0005225753    -0.0076849415    -0.0974175556     0.6285662652
    0.0033506413    -0.0214204216    -0.0957481428     0.6272053214
    0.0090269721    -0.0333451132    -0.0948565872     0.6252959674
    0.0165259632    -0.0432454995    -0.0944184211     0.6235468260
    0.0253266669    -0.0509366961    -0.0943962643     0.6225256115
    0.0350064055    -0.0562949446    -0.0948268588     0.6226654609
    0.0451600322    -0.0592709627    -0.0957184493     0.6242761789
    0.0554113933    -0.0598915547    -0.0970590695     0.6275569876
    0.0654129647    -0.0582548455    -0.0988166196     0.6326097129
    0.0748462296    -0.0545222591    -0.1009385249     0.6394517159
    0.0834240206    -0.0489089288    -0.1033544040     0.6480281207
    0.0908933564    -0.0416734316    -0.1059806886     0.6582230795
    0.0970383250    -0.0331073301    -0.1087264301     0.6698699503
    0.1016828512    -0.0235248130    -0.1114996046     0.6827603710
    0.1046932451    -0.0132526814    -0.1142132309     0.6966523052
    0.1059804457    -0.0026209547    -0.1167906985     0.7112772376
    0.1055018616     0.0080455526    -0.1191698286     0.7263467966
    0.1032626972     0.0184342533    -0.1213053518     0.7415591891
    0.0993166416     0.0282499210    -0.1231696556     0.7566059107
    0.0937658166     0.0372174551    -0.1247518232     0.7711792290
    0.0867599173     0.0450819027    -0.1260551349     0.7849808920
    0.0784945505     0.0516055851    -0.1270933214     0.7977323561
    0.0692088762     0.0565625212    -0.1278859349     0.8091865667
    0.0591828114     0.0597307630    -0.1284532356     0.8191409814
    0.0487342657     0.0608836957    -0.1288110019     0.8274511770
    0.0382173404     0.0597816705    -0.1289655079     0.8340441315
    0.0280237694     0.0561653777    -0.1289083732     0.8389301988
    0.0185873616     0.0497518771    -0.1286152882     0.8422129490
    0.0103803097     0.0402334082    -0.1280563232     0.8440963932
    0.0040204255     0.0272782152    -0.1270896492     0.8448896255
    0.0006978533     0.0105169525    -0.1252876191     0.8450105645
    0.0000000000     0.0000000000    -0.1252876191     0.8450105645
    0.0000000000     0.0000000000    -0.0768953338     0.5845326187
    0.0005195547    -0.0094474613    -0.0768953338     0.5845326187
    0.0033105562    -0.0258991873    -0.0752529884     0.5830456247
    0.0088806067    -0.0398970516    -0.0743910079     0.5810093805
    0.0161877910    -0.0513282204    -0.0739903839     0.5792142016
    0.0246969483    -0.0600755389    -0.0740117361     0.5782807170
    0.0339823656    -0.0660648401    -0.0744863920     0.5786742351
    0.0436476968    -0.0692855170    -0.0754155962     0.5807214714
    0.0533352214    -0.0697976880    -0.0767795482     0.5846270682
    0.0627226062    -0.0677309859    -0.0785383023     0.5904894377
    0.0715203095    -0.0632785544    -0.0806321174     0.5983156530
    0.0794712350    -0.0566885330    -0.0829846352     0.6080351928
    0.0863513468    -0.0482543282    -0.0855078576     0.6195124181
    0.0919708367    -0.0383043981    -0.0881081881     0.6325577307
    0.0961756595    -0.0271919704    -0.0906928737     0.6469374327
    0.0988492903    -0.0152849869    -0.0931761822     0.6623823983
    0.0999145695    -0.0029565531    -0.0954847178     0.6785957707
    0.0993354931     0.0094237743    -0.0975614001     0.6952600161
    0.0971187815     0.0214974485    -0.0993677842     0.7120437745
    0.0933150439     0.0329226580    -0.1008845691     0.7286090403
    0.0880193557     0.0433778188    -0.1021103134     0.7446192288
    0.0813710883     0.0525624062    -0.1030585333     0.7597486274
    0.0735529003     0.0601948861    -0.1037534886     0.7736935569
    0.0647889097     0.0660077922    -0.1042250485     0.7861852784
    0.0553422493     0.0697403424    -0.1045030711     0.7970043183
    0.0455124640     0.0711292947    -0.1046117456     0.8059955238
    0.0356336842     0.0698988801    -0.1045641942     0.8130829106
    0.0260757554     0.0657504330    -0.1043571309     0.8182833200
    0.0172480078     0.0583515380    -0.1039693958     0.8217181162
    0.0095948824     0.0473238833    -0.1033716834     0.8236226070
    0.0036922360     0.0322295302    -0.1024293973     0.8243535286
    0.0006326271     0.0125297581    -0.1007455260     0.8243967008
    0.0000000000     0.0000000000    -0.1007455260     0.8243967008
    0.0000000000     0.0000000000    -0.0573551301     0.5426294090
    0.0005039147    -0.0111643179    -0.0573551301     0.5426294090
    0.0031814221    -0.0302385112    -0.0557899235     0.5410696315
    0.0084865126    -0.0462037387    -0.0549907008     0.5389910861
    0.0153917783    -0.0590506845    -0.0546521789     0.5372496452
    0.0233659711    -0.0687384643    -0.0547349277     0.5365062978
    0.0319943628    -0.0752526455    -0.0552650706     0.5372485065
    0.0409011549    -0.0786306635    -0.0562377052     0.5398118983
    0.0497564458    -0.0789731878    -0.0576261560     0.5444002804
    0.0582706086    -0.0764459498    -0.0593835379     0.5511039695
    0.0661892313    -0.0712757821    -0.0614437903     0.5599165098
    0.0732904767    -0.0637434912    -0.0637253691     0.5707498211
    0.0793837645    -0.0541750937    -0.0661365876     0.5834477878
    0.0843094163    -0.0429322914    -0.0685818895     0.5977983029
    0.0879390668    -0.0304026880    -0.0709684146     0.6135438236
    0.0901766558    -0.0169900743    -0.0732122105     0.6303905726
    0.0909598284    -0.0031050606    -0.0752435086     0.6480166370
    0.0902615614     0.0108436273    -0.0770105977     0.6660793403
    0.0880918168     0.0244567955    -0.0784819763     0.6842223909
    0.0844989985     0.0373509052    -0.0796466295     0.7020833991
    0.0795709810     0.0491621641    -0.0805124516     0.7193023751
    0.0734354890     0.0595481240    -0.0811029936     0.7355317518
    0.0662596591     0.0681864551    -0.0814528568     0.7504482764
    0.0582487227     0.0747707943    -0.0816021437     0.7637668145
    0.0496439274     0.0790038247    -0.0815904354     0.7752557329
    0.0407200622     0.0805879404    -0.0814507801     0.7847531643
    0.0317833808     0.0792138624    -0.0812040466     0.7921832277
    0.0231717679     0.0745472169    -0.0808535616     0.7975712651
    0.0152566554     0.0662121637    -0.0803835074     0.8010574247
    0.0084368193     0.0537708335    -0.0797676378     0.8029084518
    0.0032185120     0.0366990406    -0.0788853184     0.8035283002
    0.0005427049     0.0143252841    -0.0773881526     0.8034699264
    0.0000000000     0.0000000000    -0.0773881526     0.8034699264
    0.0000000000     0.0000000000    -0.0387280347     0.5029970558
    0.0004763762    -0.0127925717    -0.0387280347     0.5029970558
    0.0029696516    -0.0343205610    -0.0372853071     0.5014205504
    0.0078636313    -0.0520893537    -0.0365782285     0.4993864875
    0.0141740359    -0.0661965824    -0.0363225825     0.4977981456
    0.0213911043    -0.0766844433    -0.0364804726     0.4973434893
    0.0291251003    -0.0836058448    -0.0370728915     0.4985221233
    0.0370325483    -0.0870530331    -0.0380895908     0.5016710668
    0.0448205892    -0.0871721847    -0.0394980623     0.5069877068
    0.0522393168    -0.0841678863    -0.0412455841     0.5145502495
    0.0590747268    -0.0783012427    -0.0432608838     0.5243360309
    0.0651442197    -0.0698843883    -0.0454583038     0.5362379142
    0.0702937262    -0.0592730350    -0.0477434780     0.5500788911
    0.0743961294    -0.0468579991    -0.0500198147     0.5656249449
    0.0773507679    -0.0330562533    -0.0521951627     0.5825962462
    0.0790837936    -0.0183018508    -0.0541880318     0.6006768316
    0.0795491756    -0.0030370023    -0.0559328037     0.6195230383
    0.0787301352     0.0122963869    -0.0573834799     0.6387711158
    0.0766407913     0.0272643492    -0.0585156560     0.6580445724
    0.0733277704     0.0414472019    -0.0593265740     0.6769619052
    0.0688715259     0.0544441110    -0.0598332775     0.6951453807
    0.0633871048     0.0658753810    -0.0600690569     0.7122314451
    0.0570241398     0.0753820722    -0.0600785148     0.7278831296
    0.0499659272     0.0826227092    -0.0599116839     0.7418045030
    0.0424276011     0.0872670266    -0.0596176914     0.7537568439
    0.0346536282     0.0889868084    -0.0592384895     0.7635758553
    0.0269151878     0.0874438109    -0.0588030615     0.7711890409
    0.0195088310     0.0822743489    -0.0583221623     0.7766323874
    0.0127557853     0.0730691702    -0.0577866017     0.7800658188
    0.0069935311     0.0593471877    -0.0571745740     0.7817874686
    0.0026367803     0.0405241556    -0.0563838637     0.7822475982
    0.0004355413     0.0158378977    -0.0551274354     0.7820646377
    0.0000000000     0.0000000000    -0.0551274354     0.7820646377
    0.0000000000     0.0000000000    -0.0209459242     0.4657023191
    0.0004365924    -0.0142910580    -0.0209459242     0.4657023191
    0.0026775493    -0.0380348568    -0.0196672858     0.4641633010
    0.0070232334    -0.0573908576    -0.0190774765     0.4622555874
    0.0125604983    -0.0725673577    -0.0189205999     0.4609111187
    0.0188182603    -0.0836948477    -0.0191619948     0.4608315353
    0.0254453921    -0.0908987349    -0.0198177398     0.4625191579
    0.0321420383    -0.0943301847    -0.0208731586     0.4663057345
    0.0386610069    -0.0941833607    -0.0222911017     0.4723775705
    0.0447983595    -0.0907023697    -0.0240143020     0.4807976006
    0.0503848258    -0.0841815230    -0.0259675950     0.4915249745
    0.0552799038    -0.0749617221    -0.0280624945     0.5044325205
    0.0593678432    -0.0634246089    -0.0302031585     0.5193222596
    0.0625551949    -0.0499854311    -0.0322930484     0.5359390410
    0.0647696762    -0.0350851830    -0.0342416662     0.5539823565
    0.0659600862    -0.0191823829    -0.0359707589     0.5731164775
    0.0660970213    -0.0027447759    -0.0374194410     0.5929791987
    0.0651741521     0.0137587318    -0.0385478000     0.6131896437
    0.0632098218     0.0298655476    -0.0393386838     0.6333557366
    0.0602487151     0.0451258397    -0.0397975339     0.6530820424
    0.0563633284     0.0591074671    -0.0399502947     0.6719786903
    0.0516549634     0.0713988955    -0.0398395951     0.6896719903
    0.0462539789     0.0816096525    -0.0395195412     0.7058171310
    0.0403190911     0.0893679833    -0.0390495702     0.7201130239
    0.0340356251     0.0943154889    -0.0384878782     0.7323189883
    0.0276127718     0.0960985745    -0.0378849715     0.7422726445
    0.0212801646     0.0943564212    -0.0372778087     0.7499082120
    0.0152846890     0.0887047705    -0.0366847338     0.7552744796
    0.0098868640     0.0787138508    -0.0361036477     0.7585520698
    0.0053504166     0.0638788968    -0.0355176557     0.7600702307
    0.0019828924     0.0435846384    -0.0348454243     0.7603241455
    0.0003180221     0.0170215129    -0.0338693191     0.7599952269
    0.0000000000     0.0000000000    -0.0338693191     0.7599952269
    0.0000000000     0.0000000000    -0.0039463143     0.4307396501
    0.0003838067    -0.0156188130    -0.0039463143     0.4307396501
    0.0023058617    -0.0412758392    -0.0028700951     0.4292866456
    0.0059739179    -0.0619561092    -0.0024181995     0.4275763675
    0.0105741979    -0.0779813758    -0.0023706020     0.4265513240
    0.0156911422    -0.0895735634    -0.0026979543     0.4269143921
    0.0210251100    -0.0969330736    -0.0034119460     0.4291622160
    0.0263302166    -0.1002713153    -0.0044946090     0.4336157091
    0.0314125327    -0.0998303434    -0.0059055279     0.4404464928
    0.0361192711    -0.0958922588    -0.0075843556     0.4497000102
    0.0403291403    -0.0887817747    -0.0094535204     0.4613160274
    0.0439455060    -0.0788647028    -0.0114231438     0.4751469574
    0.0468916508    -0.0665439473    -0.0133972415     0.4909741891
    0.0491078065    -0.0522539255    -0.0152805184     0.5085224590
    0.0505496633    -0.0364539753    -0.0169851466     0.5274722798
    0.0511880495    -0.0196211216    -0.0184369282     0.5474705415
    0.0510094945    -0.0022425090    -0.0195803110     0.5681395654
    0.0500174118     0.0151921822    -0.0203818359     0.5890850856
    0.0482336507     0.0321979778    -0.0208317319     0.6099038020
    0.0457001627     0.0483010843    -0.0209435330     0.6301912528
    0.0424805150     0.0630441234    -0.0207517591     0.6495507585
    0.0386609629     0.0759896329    -0.0203078654     0.6676040791
    0.0343507909     0.0867213686    -0.0196748084     0.6840041914
    0.0296816524     0.0948430052    -0.0189206916     0.6984502747
    0.0248057077     0.0999739041    -0.0181120233     0.7107046363
    0.0198924595     0.1017416185    -0.0173071557     0.7206110128
    0.0151243604     0.0997706590    -0.0165504280     0.7281135507
    0.0106916640     0.0936666103    -0.0158673565     0.7332758818
    0.0067859696     0.0829937251    -0.0152626827     0.7363000901
    0.0035884412     0.0672442975    -0.0147241308     0.7375459786
    0.0012901991     0.0458011192    -0.0141919947     0.7375517393
    0.0001963695     0.0178484024    -0.0135218950     0.7370583985
    0.0000000000     0.0000000000    -0.0135218950     0.7370583985
    0.0000000000     0.0000000000     0.0123224513     0.3980375463
    0.0003173598    -0.0167348479     0.0123224513     0.3980375463
    0.0018559711    -0.0439427808     0.0131614052     0.3967106096
    0.0047262081    -0.0656444299     0.0134593966     0.3952539015
    0.0082421350    -0.0822752647     0.0133927080     0.3946039905
    0.0120599929    -0.0941488867     0.0129828571     0.3954539639
    0.0159433729    -0.1015401245     0.0122216486     0.3982877038
    0.0197093270    -0.1047190223     0.0111289581     0.4034109296
    0.0232233803    -0.1039728361     0.0097469114     0.4109780645
    0.0263877662    -0.0996179881     0.0081373285     0.4210157961
    0.0291312341    -0.0920051122     0.0063785879     0.4334441221
    0.0314017318    -0.0815198383     0.0045604297     0.4480953238
    0.0331613409    -0.0685808115     0.0027775746     0.4647310054
    0.0343831165    -0.0536358161     0.0011228344     0.4830571600
    0.0350494954    -0.0371565559    -0.0003196757     0.5027372107
    0.0351519309    -0.0196324768    -0.0014806349     0.5234030870
    0.0346914332    -0.0015639681    -0.0023104080     0.5446646020
    0.0336797323     0.0165447190    -0.0027823238     0.5661176124
    0.0321408026     0.0341924631    -0.0028940719     0.5873516327
    0.0301124958     0.0508877580    -0.0026671063     0.6079576860
    0.0276480170     0.0661542327    -0.0021441117     0.6275371744
    0.0248169589     0.0795347333    -0.0013847443     0.6457124328
    0.0217055844     0.0905935026    -0.0004600100     0.6621393973
    0.0184160460     0.0989160314     0.0005542511     0.6765225028
    0.0150642569     0.1041061840     0.0015842220     0.6886315957
    0.0117761874     0.1057801710     0.0025647233     0.6983203868
    0.0086824653     0.1035567629     0.0034450172     0.7055458763
    0.0059113851     0.0970426940     0.0041933195     0.7103883307
    0.0035800178     0.0858112138     0.0047988860     0.7130717886
    0.0017819755     0.0693718733     0.0052702675     0.7139856575
    0.0005887346     0.0471324643     0.0056462155     0.7137085738
    0.0000760135     0.0183075729     0.0059976093     0.7130367451
    0.0000000000     0.0000000000     0.0059976093     0.7130367451
    0.0000000000     0.0000000000     0.0278964559     0.3674685297
    0.0002370664    -0.0175989928     0.0278964559     0.3674685297
    0.0013316244    -0.0459417183     0.0284675719     0.3662976203
    0.0032962839    -0.0683293584     0.0286005233     0.3651333197
    0.0056009061    -0.0853071853     0.0284199064     0.3648919160
    0.0079887220    -0.0972769092     0.0279365336     0.3662473881
    0.0102967049    -0.1045837274     0.0271444625     0.3696651705
    0.0124120198    -0.1075516758     0.0260638777     0.3754326163
    0.0142641359    -0.1065080161     0.0247369231     0.3836854714
    0.0158126963    -0.1017978466     0.0232251941     0.3944313236
    0.0170373297    -0.0937917594     0.0216062148     0.4075708377
    0.0179303002    -0.0828890497     0.0199680175     0.4229171667
    0.0184914678    -0.0695178630     0.0184026323     0.4402135813
    0.0187252036    -0.0541330982     0.0169991434     0.4591491738
    0.0186388990    -0.0372126004     0.0158369232     0.4793724866
    0.0182427012    -0.0192520522     0.0149796216     0.5005030653
    0.0175501353    -0.0007589308     0.0144704145     0.5221411682
    0.0165793113     0.0177540969     0.0143289050     0.5438761134
    0.0153544485     0.0357759470     0.0145499281     0.5652939503
    0.0139074626     0.0528036405     0.0151043581     0.5859852593
    0.0122793584     0.0683481330     0.0159418469     0.6055538817
    0.0105211440     0.0819390041     0.0169952705     0.6236272603
    0.0086939525     0.0931275660     0.0181865092     0.6398688422
    0.0068680342     0.1014879679     0.0194330827     0.6539926949
    0.0051202751     0.1066158767     0.0206550750     0.6657801854
    0.0035299314     0.1081242466     0.0217817540     0.6750983516
    0.0021723237     0.1056354881     0.0227572769     0.6819195408
    0.0011103095     0.0987688627     0.0235448787     0.6863420624
    0.0003835775     0.0871209046     0.0241291007     0.6886120005
   -0.0000030438     0.0702366761     0.0245160858     0.6891468751
   -0.0000954977     0.0475721637     0.0247253986     0.6885623467
   -0.0000385291     0.0184027423     0.0247571410     0.6877040115
    0.0000000000     0.0000000000     0.0247571410     0.6877040115
    0.0000000000     0.0000000000     0.0427924647     0.3388612669
    0.0001434816    -0.0181735386     0.0427924647     0.3388612669
    0.0007401795    -0.0471889467     0.0430706789     0.3378657209
    0.0017086865    -0.0699031000     0.0430325434     0.3370147295
    0.0027007386    -0.0869615471     0.0427433980     0.3371923576
    0.0035599079    -0.0988459316     0.0422003065     0.3390459217
    0.0042045896    -0.1059639576     0.0413980828     0.3430180637
    0.0045970854    -0.1086860029     0.0403554938     0.3493756777
    0.0047333876    -0.1073718541     0.0391129492     0.3582352834
    0.0046313805    -0.1023879705     0.0377300995     0.3695858790
    0.0043212219    -0.0941177639     0.0362819533     0.3833100404
    0.0038383632    -0.0829672415     0.0348532809     0.3992035562
    0.0032188149    -0.0693672876     0.0335320192     0.4169935091
    0.0024963277    -0.0537733414     0.0324023151     0.4363545243
    0.0017011292    -0.0366629883     0.0315378112     0.4569229299
    0.0008598489    -0.0185318893     0.0309957449     0.4783087571
   -0.0000037163     0.0001115510     0.0308123517     0.5001057728
   -0.0008673082     0.0187523675     0.0309999536     0.5219000176
   -0.0017086592     0.0368756479     0.0315459702     0.5432775375
   -0.0025039450     0.0539731475     0.0324139326     0.5638321212
   -0.0032264938     0.0695494800     0.0335464195     0.5831738510
   -0.0038460259     0.0831274645     0.0348696721     0.6009391566
   -0.0043287365     0.0942522203     0.0362995083     0.6168028383
   -0.0046385680     0.1024936131     0.0377480409     0.6304922512
   -0.0047400403     0.1074466336     0.0391306290     0.6418035719
   -0.0046029938     0.1087291895     0.0403724556     0.6506198865
   -0.0042095748     0.1059765555     0.0414140963     0.6569308206
   -0.0035638520     0.0988311963     0.0422153648     0.6608536138
   -0.0027036038     0.0869256031     0.0427576741     0.6626559286
   -0.0017105057     0.0698556311     0.0430463153     0.6627811673
   -0.0007410515     0.0471439103     0.0430841870     0.6618774780
   -0.0001437407     0.0181499877     0.0428056244     0.6608323291
    0.0000000000     0.0000000000     0.0428056244     0.6608323291
    0.0000000000     0.0000000000     0.0570055394     0.3120134270
    0.0000380736    -0.0184254240     0.0570055394     0.3120134270
    0.0000934010    -0.0476155671     0.0569728116     0.3112023438
   -0.0000020097    -0.0702820699     0.0567628673     0.3106684032
   -0.0003921197    -0.0871545736     0.0563751636     0.3112538434
   -0.0011224092    -0.0987813678     0.0557900708     0.3135734024
   -0.0021876557    -0.1056209271     0.0550015448     0.3180437631
   -0.0035478481    -0.1080795337     0.0540252042     0.3249101833
   -0.0051399218    -0.1065401088     0.0528980124     0.3342702101
   -0.0068884669    -0.1013819061     0.0516760114     0.3460955329
   -0.0087142399    -0.0929932309     0.0504300985     0.3602526588
   -0.0105404440    -0.0817793702     0.0492402938     0.3765225568
   -0.0122969674    -0.0681668996     0.0481891054     0.3946190198
   -0.0139228396    -0.0526050553     0.0473545990     0.4142053249
   -0.0153672212    -0.0355646646     0.0468037687     0.4349088252
   -0.0165892685    -0.0175350581     0.0465867677     0.4563333263
   -0.0175572121     0.0009806090     0.0467324832     0.4780694062
   -0.0182469605     0.0194711821     0.0472458194     0.4997031293
   -0.0186405127     0.0374240286     0.0481069173     0.5208238393
   -0.0187244350     0.0543318151     0.0492723739     0.5410318344
   -0.0184886561     0.0696991206     0.0506783659     0.5599467252
   -0.0179258476     0.0830484957     0.0522454195     0.5772171628
   -0.0170316898     0.0939255956     0.0538844342     0.5925324126
   -0.0158063623     0.1019030248     0.0555034531     0.6056360049
   -0.0142576248     0.1065824876     0.0570146002     0.6163414536
   -0.0124058486     0.1075947106     0.0583405729     0.6245498938
   -0.0102913524     0.1045963212     0.0594200325     0.6302694860
   -0.0079845721     0.0972622882     0.0602110863     0.6336366268
   -0.0055981752     0.0852714096     0.0606937500     0.6349393548
   -0.0032949376     0.0682820058     0.0608740742     0.6346437657
   -0.0013313080     0.0458966171     0.0607412275     0.6334245623
   -0.0002371367     0.0175751852     0.0601703922     0.6322014884
    0.0000000000     0.0000000000     0.0601703922     0.6322014884
    0.0000000000     0.0000000000     0.0705082279     0.2867041003
   -0.0000766823    -0.0183287390     0.0705082279     0.2867041003
   -0.0005921512    -0.0471725967     0.0701551749     0.2860774017
   -0.0017904759    -0.0694129356     0.0697782179     0.2858489062
   -0.0035945426    -0.0858401332     0.0693059019     0.2868115038
   -0.0059319805    -0.0970506414     0.0686993702     0.2895428371
   -0.0087084509    -0.1035383441     0.0679501580     0.2944314249
   -0.0118063262    -0.1057326591     0.0670691476     0.3017004495
   -0.0150969772    -0.1040288720     0.0660882976     0.3114293993
   -0.0184496502    -0.0988097274     0.0650585202     0.3235746107
   -0.0217384185    -0.0904601565     0.0640451351     0.3379892642
   -0.0248475324    -0.0793771665     0.0631220403     0.3544428134
   -0.0276750778    -0.0659759435     0.0623650830     0.3726394270
   -0.0301350668    -0.0506927722     0.0618451976     0.3922348829
   -0.0321581916    -0.0339852124     0.0616218967     0.4128514407
   -0.0336915247    -0.0163299316     0.0617376611     0.4340904836
   -0.0346974762     0.0017813709     0.0622137008     0.4555430509
   -0.0351523143     0.0198474845     0.0630474438     0.4767986909
   -0.0350445323     0.0373641743     0.0642119653     0.4974533048
   -0.0343733267     0.0538311784     0.0656574098     0.5171167614
   -0.0331474357     0.0687592976     0.0673142934     0.5354210660
   -0.0313845981     0.0816772086     0.0690984139     0.5520297520
   -0.0291119147     0.0921376623     0.0709169621     0.5666489762
   -0.0263674297     0.0997227371     0.0726753144     0.5790405767
   -0.0232032731     0.1040477610     0.0742839160     0.5890371536
   -0.0196906989     0.1047633573     0.0756646431     0.5965591132
   -0.0159273685     0.1015547425     0.0767559677     0.6016336361
   -0.0120475072     0.0941367805     0.0775160491     0.6044157011
   -0.0082336442     0.0822421402     0.0779252369     0.6052116039
   -0.0047216079     0.0655994059     0.0779918383     0.6045057683
   -0.0018544379     0.0438991874     0.0776943314     0.6029918850
   -0.0003172388     0.0167113928     0.0768563111     0.6016100410
    0.0000000000     0.0000000000     0.0768563111     0.6016100410
    0.0000000000     0.0000000000     0.0832514362     0.2627049052
   -0.0001972777    -0.0178673431     0.0832514362     0.2627049052
   -0.0012950906    -0.0458362028     0.0825789371     0.2622548095
   -0.0036007460    -0.0672786264     0.0820453941     0.2623072735
   -0.0068070039    -0.0830153253     0.0815056917     0.2636000411
   -0.0107213622    -0.0936676553     0.0808999618     0.2666702622
   -0.0151615829    -0.0997465508     0.0802159934     0.2718768277
   -0.0199352904    -0.1016901611     0.0794586405     0.2794209656
   -0.0248517998    -0.0998946554     0.0786535681     0.2893655437
   -0.0297285309    -0.0947368105     0.0778452656     0.3016540651
   -0.0343960839    -0.0865900436     0.0770922017     0.3161297575
   -0.0387025566    -0.0758357521     0.0764609430     0.3325545553
   -0.0425166439    -0.0628708745     0.0760195802     0.3506273906
   -0.0457294509    -0.0481121565     0.0758309824     0.3700010990
   -0.0482551202    -0.0319974644     0.0759464483     0.3902973811
   -0.0500304727    -0.0149844854     0.0764002865     0.4111195552
   -0.0510139261     0.0024527760     0.0772057828     0.4320631919
   -0.0511839798     0.0198292370     0.0783529048     0.4527250419
   -0.0505375507     0.0366552164     0.0798079430     0.4727108995
   -0.0490884243     0.0524436813     0.0815151315     0.4916431544
   -0.0468660736     0.0667178381     0.0834001188     0.5091687788
   -0.0439150942     0.0790187095     0.0853750034     0.5249683925
   -0.0402955152     0.0889123828     0.0873445103     0.5387668769
   -0.0360842715     0.0959966266     0.0892127753     0.5503458183
   -0.0313781402     0.0999065061     0.0908901350     0.5595578881
   -0.0262984348     0.1003184439     0.0922993084     0.5663431776
   -0.0209977878     0.0969518110     0.0933802824     0.5707475165
   -0.0156697373     0.0895664678     0.0940929694     0.5729429569
   -0.0105595003     0.0779535007     0.0944196610     0.5732508518
   -0.0059657899     0.0619157415     0.0943721690     0.5721682464
   -0.0023030049     0.0412354134     0.0939211591     0.5703984924
   -0.0003834789     0.0155963514     0.0928465870     0.5688876979
    0.0000000000     0.0000000000     0.0928465870     0.5688876979
    0.0000000000     0.0000000000     0.0951669927     0.2397892538
   -0.0003192072    -0.0170374235     0.0951669927     0.2397892538
   -0.0019894836    -0.0436126807     0.0941876473     0.2395019288
   -0.0053670456    -0.0639038641     0.0935135807     0.2398007695
   -0.0099151709    -0.0787254091     0.0929262261     0.2413639348
   -0.0153243651    -0.0886965301     0.0923440093     0.2446855420
   -0.0213294643    -0.0943248670     0.0917500688     0.2500939372
   -0.0276689819    -0.0960421850     0.0911423859     0.2577689227
   -0.0340955540    -0.0942341159     0.0905394248     0.2677585701
   -0.0403794671    -0.0892624616     0.0899782681     0.2799965033
   -0.0463117318    -0.0814815727     0.0895095139     0.2943198763
   -0.0517073987    -0.0712504747     0.0891913942     0.3104876706
   -0.0564082189    -0.0589414673     0.0890833134     0.3281985773
   -0.0602843362    -0.0449455006     0.0892392750     0.3471076650
   -0.0632349518    -0.0296745160     0.0897017413     0.3668412013
   -0.0651880557    -0.0135609794     0.0904964391     0.3870093277
   -0.0660994267     0.0029450454     0.0916285600     0.4072166553
   -0.0659511631     0.0193808378     0.0930806923     0.4270711724
   -0.0647500185     0.0352774748     0.0948126773     0.4461920750
   -0.0625258084     0.0501673098     0.0967634227     0.4642172355
   -0.0593301366     0.0635920427     0.0988545302     0.4808110100
   -0.0552356769     0.0751110195     0.1009954390     0.4956729885
   -0.0503362464     0.0843094603     0.1030896452     0.5085481395
   -0.0447479156     0.0908063287     0.1050414469     0.5192386317
   -0.0386114149     0.0942614865     0.1067626008     0.5276174753
   -0.0320960877     0.0943815822     0.1081782716     0.5336440376
   -0.0254057056     0.0909237342     0.1092315741     0.5373815033
   -0.0187869617     0.0836953837     0.1098857421     0.5390164489
   -0.0125388073     0.0725475253     0.1101264104     0.5388808924
   -0.0070110718     0.0573577001     0.1099698056     0.5374773912
   -0.0026731612     0.0379994479     0.1093813136     0.5355079266
   -0.0004360242     0.0142703080     0.1081051419     0.5339081496
    0.0000000000     0.0000000000     0.1081051419     0.5339081496
    0.0000000000     0.0000000000     0.1061718399     0.2177395710
   -0.0004370560    -0.0158498389     0.1061718399     0.2177395710
   -0.0026453864    -0.0405428620     0.1049111872     0.2175967737
   -0.0070152047    -0.0593598535     0.1041181744     0.2181001400
   -0.0127924003    -0.0730677639     0.1035045862     0.2198648667
   -0.0195596400    -0.0822544029     0.1029678572     0.2233401554
   -0.0269776382    -0.0874031687     0.1024861699     0.2288232876
   -0.0347240633    -0.0889247173     0.1020503730     0.2364734431
   -0.0425019151    -0.0871836020     0.1016713076     0.2463259745
   -0.0500400517    -0.0825186769     0.1013780511     0.2583078661
   -0.0570943537    -0.0752586726     0.1012126198     0.2722544177
   -0.0634502038    -0.0657343473     0.1012241528     0.2879266177
   -0.0689248970    -0.0542876625     0.1014626307     0.3050283488
   -0.0733694073    -0.0412780237     0.1019725394     0.3232225452
   -0.0766692797    -0.0270855464     0.1027869945     0.3421456265
   -0.0787446266    -0.0121114127     0.1039228193     0.3614198837
   -0.0795493590     0.0032244393     0.1053770074     0.3806638700
   -0.0790698730     0.0184878944     0.1071248988     0.3995011675
   -0.0773234467     0.0332370173     0.1091202552     0.4175681071
   -0.0743566038     0.0470296877     0.1112972580     0.4345211098
   -0.0702436826     0.0594320635     0.1135742786     0.4500442964
   -0.0650858330     0.0700274981     0.1158591105     0.4638579229
   -0.0590106476     0.0784256094     0.1180552060     0.4757280600
   -0.0521726323     0.0842712194     0.1200683529     0.4854777881
   -0.0447547321     0.0872528244     0.1218131592     0.4930000597
   -0.0369711255     0.0871100606     0.1232187184     0.4982722964
   -0.0290716050     0.0836392417     0.1242327445     0.5013727839
   -0.0213484875     0.0766953675     0.1248231837     0.5024989798
   -0.0141441470     0.0661878607     0.1249801757     0.5019879607
   -0.0078466298     0.0520663155     0.1247249159     0.5003393723
   -0.0029633873     0.0342923357     0.1240196212     0.4982413820
   -0.0004755081     0.0127743878     0.1225803452     0.4966011296
    0.0000000000     0.0000000000     0.1225803452     0.4966011296
    0.0000000000     0.0000000000     0.1161737126     0.1963525400
   -0.0005446248    -0.0143321298     0.1161737126     0.1963525400
   -0.0032295754    -0.0367057020     0.1146711357     0.1963330978
   -0.0084645267    -0.0537678517     0.1137860040     0.1969945491
   -0.0153029497    -0.0661946417     0.1131684141     0.1988866307
   -0.0232351652    -0.0745131497     0.1126972277     0.2024122799
   -0.0318602495    -0.0791626906     0.1123461212     0.2078374882
   -0.0408056327    -0.0805196913     0.1120992612     0.2153017824
   -0.0497331284    -0.0789187606     0.1119600177     0.2248299920
   -0.0583367300    -0.0746693673     0.1119493175     0.2363458207
   -0.0663421953    -0.0680693930     0.1121002416     0.2496870786
   -0.0735089543    -0.0594165373     0.1124523567     0.2646218995
   -0.0796324844    -0.0490176186     0.1130456943     0.2808650007
   -0.0845463404    -0.0371954431     0.1139147274     0.2980930557
   -0.0881234526    -0.0242929068     0.1150828278     0.3159584841
   -0.0902765637    -0.0106741815     0.1165576707     0.3341013288
   -0.0909578543     0.0032769119     0.1183279985     0.3521592622
   -0.0901579250     0.0171610140     0.1203620621     0.3697760729
   -0.0879043490     0.0305693595     0.1226079190     0.3866091717
   -0.0842600310     0.0430914281     0.1249956076     0.4023367333
   -0.0793215886     0.0543236436     0.1274410425     0.4166650633
   -0.0732179578     0.0638787281     0.1298513110     0.4293366900
   -0.0661093952     0.0713953961     0.1321309023     0.4401395598
   -0.0581870453     0.0765481072     0.1341882876     0.4489175817
   -0.0496732454     0.0790565569     0.1359422010     0.4555826601
   -0.0408227509     0.0786944140     0.1373269771     0.4601282714
   -0.0319252275     0.0752964582     0.1382962225     0.4626446058
   -0.0233101047     0.0687626357     0.1388238042     0.4633352915
   -0.0153519681     0.0590564834     0.1389053208     0.4625357442
   -0.0084634659     0.0461942350     0.1385672011     0.4607332239
   -0.0031727460     0.0302201223     0.1377702602     0.4585887724
   -0.0005026495     0.0111497743     0.1362097334     0.4569623225
    0.0000000000     0.0000000000     0.1362097334     0.4569623225
    0.0000000000     0.0000000000     0.1250781136     0.1754426589
   -0.0006350620    -0.0125301119     0.1250781136     0.1754426589
   -0.0037063890    -0.0322208552     0.1233873628     0.1755236980
   -0.0096299955    -0.0473013765     0.1224417273     0.1762945959
   -0.0173057846    -0.0583145072     0.1218422292     0.1782379653
   -0.0261535171    -0.0656999219     0.1214535392     0.1817096183
   -0.0357263572    -0.0698360752     0.1212461783     0.1869442674
   -0.0456139899    -0.0710548768     0.1211988970     0.1940628315
   -0.0554465909    -0.0696544800     0.1213083977     0.2030817991
   -0.0648906024    -0.0659104190     0.1215878173     0.2139248983
   -0.0736472781    -0.0600860198     0.1220613425     0.2264367468
   -0.0814543274    -0.0524423952     0.1227587906     0.2403977000
   -0.0880884359    -0.0432474837     0.1237099431     0.2555389078
   -0.0933676852    -0.0327833390     0.1249389241     0.2715566372
   -0.0971533832    -0.0213509797     0.1264590715     0.2881251720
   -0.0993510862    -0.0092724081     0.1282687317     0.3049079632
   -0.0999107824     0.0031102545     0.1303483722     0.3215670699
   -0.0988263291     0.0154382797     0.1326593129     0.3377712149
   -0.0961343010     0.0273420684     0.1351442540     0.3532029553
   -0.0919124342     0.0384486131     0.1377296154     0.3675655257
   -0.0862778488     0.0483902042     0.1403295359     0.3805898820
   -0.0793852158     0.0568139611     0.1428512074     0.3920423865
   -0.0714250062     0.0633918540     0.1452010713     0.4017334635
   -0.0626219483     0.0678309325     0.1472912773     0.4095274370
   -0.0532338249     0.0698834685     0.1490457404     0.4153536628
   -0.0435507710     0.0693565999     0.1504051278     0.4192189790
   -0.0338954483     0.0661207830     0.1513300345     0.4212214345
   -0.0246253575     0.0601158245     0.1518013043     0.4215651885
   -0.0161356956     0.0513523379     0.1518208405     0.4205764023
   -0.0088497723     0.0399051898     0.1514204532     0.4187198637
   -0.0032986633     0.0258940083     0.1505612553     0.4166160693
   -0.0005177406     0.0094379724     0.1489251624     0.4150596406
    0.0000000000     0.0000000000     0.1489251624     0.4150596406
    0.0000000000     0.0000000000     0.1327963940     0.1548445413
   -0.0007009564    -0.0105090375     0.1327963940     0.1548445413
   -0.0040385790    -0.0272500871     0.1309856154     0.1550024056
   -0.0104247542    -0.0401868093     0.1300150892     0.1558339275
   -0.0186589851    -0.0496917277     0.1294544898     0.1577538421
   -0.0281179850    -0.0560963611     0.1291608916     0.1610704829
   -0.0383271678    -0.0597066808     0.1291040477     0.1659874996
   -0.0488522178    -0.0608037170     0.1292594602     0.1726082495
   -0.0593019930    -0.0596454623     0.1296186700     0.1809429275
   -0.0693234192    -0.0564709816     0.1301879184     0.1909183675
   -0.0785996696    -0.0515068959     0.1309829468     0.2023900131
   -0.0868518085    -0.0449755305     0.1320239524     0.2151552096
   -0.0938415231    -0.0371034240     0.1333303892     0.2289668233
   -0.0993739394    -0.0281288552     0.1349158522     0.2435462708
   -0.1033000140    -0.0183073336     0.1367834513     0.2585952999
   -0.1055182257    -0.0079144206     0.1389220716     0.2738062129
   -0.1059754568     0.0027543221     0.1413038861     0.2888705678
   -0.1046670607     0.0133861150     0.1438834082     0.3034866539
   -0.1016361850     0.0236561036     0.1465982551     0.3173661929
   -0.0969724583     0.0332343834     0.1493716429     0.3302407641
   -0.0908101643     0.0417944172     0.1521164646     0.3418684150
   -0.0833260176     0.0490224094     0.1547406343     0.3520408390
   -0.0747366379     0.0546272808     0.1571532228     0.3605913967
   -0.0652958014     0.0583509545     0.1592707820     0.3674041540
   -0.0552915570     0.0599787015     0.1610231733     0.3724240171
   -0.0450433371     0.0593492438     0.1623582143     0.3756679483
   -0.0348994518     0.0563641616     0.1632443706     0.3772371561
   -0.0252363597     0.0509957922     0.1636704221     0.3773300246
   -0.0164584461     0.0432921321     0.1636454767     0.3762553698
   -0.0089858821     0.0333759230     0.1632070409     0.3744453744
   -0.0033343507     0.0214328724     0.1623186839     0.3724673506
   -0.0005199889     0.0076824249     0.1606575758     0.3710344967
    0.0000000000     0.0000000000     0.1606575758     0.3710344967
    0.0000000000     0.0000000000     0.1392548415     0.1344144800
   -0.0007343191    -0.0083543826     0.1392548415     0.1344144800
   -0.0041880968    -0.0219973451     0.1374058494     0.1346253229
   -0.0107629502    -0.0327020288     0.1364486345     0.1354700366
   -0.0192250294    -0.0406442531     0.1359448649     0.1372958048
   -0.0289398963    -0.0460362801     0.1357531021     0.1403636866
   -0.0394245437    -0.0491071348     0.1358458881     0.1448466829
   -0.0502348613    -0.0500852822     0.1361985954     0.1508315805
   -0.0609692143    -0.0491877259     0.1367998129     0.1583240914
   -0.0712638986    -0.0466163735     0.1376502909     0.1672568638
   -0.0807916067    -0.0425603921     0.1387581506     0.1774997137
   -0.0892631696    -0.0372024196     0.1401343775     0.1888712059
   -0.0964303706    -0.0307264143     0.1417882252     0.2011506330
   -0.1020889923    -0.0233252484     0.1437227212     0.2140895392
   -0.1060816655    -0.0152066726     0.1459306399     0.2274221833
   -0.1083002271    -0.0065968334     0.1483913050     0.2408746583
   -0.1086873916     0.0022589796     0.1510685556     0.2541726980
   -0.1072376190     0.0110982948     0.1539101514     0.2670484313
   -0.1039971231     0.0196458190     0.1568487805     0.2792464821
   -0.0990630222     0.0276197513     0.1598046977     0.2905298454
   -0.0925816681     0.0347395742     0.1626898586     0.3006859355
   -0.0847461977     0.0407348786     0.1654132444     0.3095331286
   -0.0757933510     0.0453548496     0.1678869147     0.3169280238
   -0.0659995825     0.0483781234     0.1700321904     0.3227735607
   -0.0556765002     0.0496228014     0.1717852767     0.3270280372
   -0.0451657094     0.0489564603     0.1731016214     0.3297149828
   -0.0348334135     0.0463060097     0.1739582060     0.3309337212
   -0.0250661840     0.0416671680     0.1743526666     0.3308702801
   -0.0162669528     0.0351130678     0.1743024649     0.3298080268
   -0.0088397773     0.0268003296     0.1738516774     0.3281369845
   -0.0032661914     0.0169681213     0.1729697415     0.3263603037
   -0.0005067290     0.0059316754     0.1713402208     0.3250970124
    0.0000000000     0.0000000000     0.1713402208     0.3250970124
    0.0000000000     0.0000000000     0.1444049297     0.1140318302
   -0.0007263852    -0.0061724115     0.1444049297     0.1140318302
   -0.0041169007    -0.0167071758     0.1426110403     0.1142718994
   -0.0105634858    -0.0251725035     0.1417052682     0.1150848728
   -0.0188778003    -0.0315388229     0.1412708833     0.1167519826
   -0.0284480343    -0.0359016555     0.1411798399     0.1194878331
   -0.0388014982    -0.0384172988     0.1414123131     0.1234353910
   -0.0494981671    -0.0392647327     0.1419475771     0.1286657804
   -0.0601372170    -0.0386215517     0.1427740758     0.1351817363
   -0.0703544651    -0.0366531537     0.1438888617     0.1429239442
   -0.0798215108    -0.0335115751     0.1452935314     0.1517795070
   -0.0882473714    -0.0293400717     0.1469904718     0.1615916984
   -0.0953809940    -0.0242803004     0.1489790254     0.1721701406
   -0.1010141752    -0.0184797739     0.1512517379     0.1833006494
   -0.1049846189    -0.0120980292     0.1537910207     0.1947542164
   -0.1071788494    -0.0053106133     0.1565665602     0.2062948802
   -0.1075346948     0.0016894901     0.1595337838     0.2176865077
   -0.1060430835     0.0086929894     0.1626336419     0.2286987047
   -0.1027489496     0.0154777176     0.1657938687     0.2391121919
   -0.0977511081     0.0218139773     0.1689317554     0.2487240048
   -0.0912010202     0.0274713571     0.1719583201     0.2573528477
   -0.0833004081     0.0322265879     0.1747835895     0.2648448631
   -0.0742976948     0.0358720651     0.1773225549     0.2710799954
   -0.0644832409     0.0382247425     0.1795012211     0.2759790521
   -0.0541833543     0.0391352208     0.1812620720     0.2795114797
   -0.0437530685     0.0384970005     0.1825682457     0.2817037893
   -0.0335679243     0.0362560798     0.1834055972     0.2826484319
   -0.0240160052     0.0324213613     0.1837815225     0.2825127174
   -0.0154894249     0.0270767019     0.1837234150     0.2815470047
   -0.0083649972     0.0203947901     0.1832837988     0.2800907875
   -0.0030718326     0.0126501597     0.1824436703     0.2785744621
   -0.0004725954     0.0042440757     0.1809087186     0.2775146078
    0.0000000000     0.0000000000     0.1809087186     0.2775146078
    0.0000000000     0.0000000000     0.1482354412     0.0936007548
   -0.0006673115    -0.0040906855     0.1482354412     0.0936007548
   -0.0037885320    -0.0116608566     0.1465961284     0.0938464470
   -0.0097563806    -0.0179641118     0.1457746703     0.0945859124
   -0.0175133746    -0.0227835412     0.1454126003     0.0960374444
   -0.0265019322    -0.0261175150     0.1454103456     0.0983706600
   -0.0362758655    -0.0280627874     0.1457618641     0.1016993298
   -0.0464124402    -0.0287557037     0.1464550289     0.1060797497
   -0.0565239897    -0.0283373135     0.1474812286     0.1115128572
   -0.0662581574    -0.0269376908     0.1488357132     0.1179490427
   -0.0752975277    -0.0246727327     0.1505147056     0.1252948613
   -0.0833605495    -0.0216477406     0.1525126772     0.1334208880
   -0.0902031230    -0.0179639581     0.1548194461     0.1421699815
   -0.0956208824    -0.0137255806     0.1574172689     0.1513653284
   -0.0994520999    -0.0090457141     0.1602782517     0.1608178257
   -0.1015809379    -0.0040504537     0.1633623988     0.1703325939
   -0.1019406622     0.0011192642     0.1666165976     0.1797146304
   -0.1005164109     0.0063080562     0.1699747887     0.1887737767
   -0.0973471441     0.0113485365     0.1733594827     0.1973292655
   -0.0925264821     0.0160654938     0.1766846665     0.2052141326
   -0.0862022176     0.0202814195     0.1798599998     0.2122797577
   -0.0785743612     0.0238230002     0.1827960466     0.2184007353
   -0.0698916215     0.0265282146     0.1854101336     0.2234802148
   -0.0604462425     0.0282537463     0.1876322928     0.2274557813
   -0.0505671176     0.0288825484     0.1894106473     0.2303058789
   -0.0406110862     0.0283316191     0.1907155561     0.2320566991
   -0.0309524598     0.0265604295     0.1915417184     0.2327893343
   -0.0219716290     0.0235811361     0.1919071221     0.2326467763
   -0.0140417689     0.0194728724     0.1918511746     0.2318399351
   -0.0075043650     0.0144028017     0.1914381360     0.2306511148
   -0.0027206814     0.0086547069     0.1906695912     0.2294322050
   -0.0004090132     0.0026935736     0.1892958746     0.2285941106
    0.0000000000     0.0000000000     0.1892958746     0.2285941106
    0.0000000000     0.0000000000     0.1507888535     0.0730527827
   -0.0005465875    -0.0022575078     0.1507888535     0.0730527827
   -0.0031733787    -0.0071670210     0.1493982417     0.0732806345
   -0.0082963404    -0.0114691418     0.1486797459     0.0739083102
   -0.0150691389    -0.0148150203     0.1483770310     0.0750955774
   -0.0230123575    -0.0171437060     0.1484371448     0.0769691823
   -0.0317188897    -0.0185124054     0.1488749104     0.0796148095
   -0.0407968912    -0.0190229674     0.1496914798     0.0830747423
   -0.0498869581    -0.0187823456     0.1508839085     0.0873489952
   -0.0586645745    -0.0178861709     0.1524471458     0.0923987526
   -0.0668392393    -0.0164156023     0.1543729265     0.0981513696
   -0.0741537448    -0.0144405965     0.1566483935     0.1045063129
   -0.0803841344    -0.0120256966     0.1592542721     0.1113414641
   -0.0853408362    -0.0092361292     0.1621628471     0.1185192992
   -0.0888710273    -0.0061429918     0.1653361096     0.1258926033
   -0.0908619254    -0.0028269171     0.1687244139     0.1333095533
   -0.0912445196     0.0006200275     0.1722659529     0.1406181699
   -0.0899971876     0.0040942148     0.1758872982     0.1476702628
   -0.0871486810     0.0074819676     0.1795051691     0.1543250644
   -0.0827800331     0.0106624690     0.1830294774     0.1604527647
   -0.0770250519     0.0135117842     0.1863675648     0.1659381423
   -0.0700691525     0.0159076799     0.1894294020     0.1706844408
   -0.0621463676     0.0177349272     0.1921333803     0.1746175909
   -0.0535344181     0.0188908164     0.1944122024     0.1776908223
   -0.0445477417     0.0192907141     0.1962182912     0.1798896589
   -0.0355283270     0.0188737272     0.1975280991     0.1812372189
   -0.0268342086     0.0176090138     0.1983445968     0.1817996391
   -0.0188259089     0.0155042675     0.1986969291     0.1816912439
   -0.0118492935     0.0126198559     0.1986389373     0.1810786912
   -0.0062059843     0.0090939137     0.1982514222     0.1801825616
   -0.0021808440     0.0051841414     0.1975693761     0.1792734746
   -0.0003051960     0.0013744582     0.1964181211     0.1786583776
    0.0000000000     0.0000000000     0.1964181211     0.1786583776
    0.0000000000     0.0000000000     0.1521851420     0.0523504036
   -0.0003565716    -0.0008357092     0.1521851420     0.0523504036
   -0.0022644892    -0.0035371361     0.1511096660     0.0525373201
   -0.0061922769    -0.0060748493     0.1504851741     0.0530186351
   -0.0115583881    -0.0080697345     0.1502058218     0.0539011590
   -0.0179731181    -0.0094529986     0.1502846275     0.0552714994
   -0.0250800295    -0.0102631332     0.1507638594     0.0571887018
   -0.0325362829    -0.0105729905     0.1516611503     0.0596819060
   -0.0400320666    -0.0104557300     0.1529804965     0.0627508183
   -0.0472926364    -0.0099727452     0.1547169934     0.0663679374
   -0.0540753465    -0.0091724701     0.1568581774     0.0704819354
   -0.0601664610    -0.0080936204     0.1593842514     0.0750217359
   -0.0653791043    -0.0067698240     0.1622673641     0.0799008835
   -0.0695530051    -0.0052341752     0.1654703843     0.0850218625
   -0.0725560558    -0.0035230155     0.1689456542     0.0902801271
   -0.0742873046    -0.0016786314     0.1726341282     0.0955677205
   -0.0746808074     0.0002492311     0.1764652400     0.1007764767
   -0.0737097096     0.0022030238     0.1803577545     0.1058008843
   -0.0713899506     0.0041181376     0.1842217708     0.1105407399
   -0.0677830613     0.0059245868     0.1879619212     0.1149037358
   -0.0629976287     0.0075494573     0.1914816911     0.1188081125
   -0.0571891129     0.0089199054     0.1946886451     0.1221854759
   -0.0505578084     0.0099664775     0.1975002237     0.1249838453
   -0.0433448261     0.0106265228     0.1998496728     0.1271709565
   -0.0358260181     0.0108475245     0.2016916011     0.1287378039
   -0.0283037307     0.0105903404     0.2030066538     0.1297023548
   -0.0210961671     0.0098327569     0.2038047395     0.1301132864
   -0.0145241599     0.0085747577     0.2041260360     0.1300534422
   -0.0088931729     0.0068492373     0.2040409046     0.1296423961
   -0.0044615834     0.0047450073     0.2036522609     0.1290368480
   -0.0014403562     0.0024525127     0.2030435695     0.1284262666
   -0.0001535389     0.0003986372     0.2021504782     0.1280194584
    0.0000000000     0.0000000000     0.2021504782     0.1280194584
    0.0000000000     0.0000000000     0.1526411016     0.0314913861
   -0.0001053532     0.0000065012     0.1526411016     0.0314913861
   -0.0011186598    -0.0010702766     0.1518523932     0.0316156303
   -0.0035673725    -0.0021725259     0.1512362747     0.0319203920
   -0.0071290108    -0.0030270639     0.1508882632     0.0324657156
   -0.0115065701    -0.0036026803     0.1509054631     0.0333012999
   -0.0164162485    -0.0039300421     0.1513608294     0.0344613283
   -0.0215957595    -0.0040527222     0.1522869409     0.0359627286
   -0.0268175762    -0.0040089878     0.1536920464     0.0378052721
   -0.0318867402    -0.0038274453     0.1555691699     0.0399727676
   -0.0366348362    -0.0035281622     0.1579004249     0.0424349669
   -0.0409146485    -0.0031253288     0.1606587898     0.0451499013
   -0.0445967012    -0.0026300611     0.1638081942     0.0480664120
   -0.0475680032    -0.0020528493     0.1673027256     0.0511266723
   -0.0497328097    -0.0014054857     0.1710856412     0.0542685640
   -0.0510149463    -0.0007024285     0.1750887046     0.0574278313
   -0.0513611383     0.0000383949     0.1792322404     0.0605400058
   -0.0507447661     0.0007953195     0.1834261842     0.0635421439
   -0.0491694945     0.0015431714     0.1875722862     0.0663744464
   -0.0466722827     0.0022539382     0.1915675100     0.0689818433
   -0.0433253627     0.0028978061     0.1953085361     0.0713156155
   -0.0392368753     0.0034444668     0.1986971595     0.0733351129
   -0.0345499544     0.0038645715     0.2016462574     0.0750096013
   -0.0294401664     0.0041311940     0.2040859290     0.0763202492
   -0.0241112989     0.0042211599     0.2059693766     0.0772622392
   -0.0187895220     0.0041161540     0.2072781437     0.0778469505
   -0.0137158681     0.0038037108     0.2080263848     0.0781041117
   -0.0091367754     0.0032788183     0.2082638370     0.0780837204
   -0.0052904756     0.0025487139     0.2080784587     0.0778573335
   -0.0023807908     0.0016466822     0.2076013163     0.0775178943
   -0.0005570887     0.0006656432     0.2069803099     0.0771763292
    0.0000340552    -0.0001207980     0.2062987342     0.0769517593
    0.0000000000     0.0000000000     0.2062987342     0.0769517593
    0.0000000000     0.0000000000     0.1525043827     0.0105123882
    0.0001162113     0.0001307831     0.1525043827     0.0105123882
   -0.0000174878    -0.0000822079     0.1517276245     0.0105562464
   -0.0008361203    -0.0003227684     0.1508461197     0.0106609854
   -0.0022042093    -0.0004990253     0.1502049563     0.0108457050
   -0.0039534532    -0.0006090983     0.1499965141     0.0111264346
   -0.0059358155    -0.0006666795     0.1503184614     0.0115142756
   -0.0080295030    -0.0006857797     0.1512059905     0.0120147553
   -0.0101381020    -0.0006766801     0.1526603895     0.0126278171
   -0.0121842345    -0.0006458698     0.1546647909     0.0133481839
   -0.0141034084    -0.0005970810     0.1571913818     0.0141659600
   -0.0158396595    -0.0005323420     0.1602038858     0.0150673796
   -0.0173429950    -0.0004528295     0.1636574617     0.0160356235
   -0.0185683922    -0.0003595127     0.1674974406     0.0170516393
   -0.0194760343    -0.0002536224     0.1716578612     0.0180949183
   -0.0200324561    -0.0001369741     0.1760604556     0.0191442049
   -0.0202122841    -0.0000121657     0.1806145281     0.0201781366
   -0.0200002718     0.0001173395     0.1852180111     0.0211758239
   -0.0193933498     0.0002472353     0.1897598449     0.0221173968
   -0.0184024366     0.0003724921     0.1941236925     0.0229845406
   -0.0170537867     0.0004875608     0.1981928679     0.0237610465
   -0.0153896985     0.0005866396     0.2018562305     0.0244333948
   -0.0134684666     0.0006639742     0.2050146950     0.0249913805
   -0.0113635351     0.0007141476     0.2075879421     0.0254287839
   -0.0091619047     0.0007323064     0.2095209298     0.0257440769
   -0.0069619288     0.0007142630     0.2107899292     0.0259411457
   -0.0048707073     0.0006564456     0.2114080712     0.0260299891
   -0.0030012533     0.0005558326     0.2114308516     0.0260273200
   -0.0014685121     0.0004106897     0.2109633584     0.0259569297
   -0.0003793247     0.0002243378     0.2101718656     0.0258495257
    0.0001821138     0.0000165895     0.2092857236     0.0257414207
    0.0001611087    -0.0001264857     0.2085749560     0.0256709304
    0.0000000000     0.0000000000     0.2085749560     0.0256709304
    0.0000000000     0.0000000000     0.0000000000     0.0000000000
    0.0000000000     0.0000000000     0.1525043827     0.0000000000
    0.0000000000     0.0000000000     0.1517276245     0.0000000000
    0.0000000000     0.0000000000     0.1508461197     0.0000000000
    0.0000000000     0.0000000000     0.1502049563     0.0000000000
    0.0000000000     0.0000000000     0.1499965141     0.0000000000
    0.0000000000     0.0000000000     0.1503184614     0.0000000000
    0.0000000000     0.0000000000     0.1512059905     0.0000000000
    0.0000000000     0.0000000000     0.1526603895     0.0000000000
    0.0000000000     0.0000000000     0.1546647909     0.0000000000
    0.0000000000     0.0000000000     0.1571913818     0.0000000000
    0.0000000000     0.0000000000     0.1602038858     0.0000000000
    0.0000000000     0.0000000000     0.1636574617     0.0000000000
    0.0000000000     0.0000000000     0.1674974406     0.0000000000
    0.0000000000     0.0000000000     0.1716578612     0.0000000000
    0.0000000000     0.0000000000     0.1760604556     0.0000000000
    0.0000000000     0.0000000000     0.1806145281     0.0000000000
    0.0000000000     0.0000000000     0.1852180111     0.0000000000
    0.0000000000     0.0000000000     0.1897598449     0.0000000000
    0.0000000000     0.0000000000     0.1941236925     0.0000000000
    0.0000000000     0.0000000000     0.1981928679     0.0000000000
    0.0000000000     0.0000000000     0.2018562305     0.0000000000
    0.0000000000     0.0000000000     0.2050146950     0.0000000000
    0.0000000000     0.0000000000     0.2075879421     0.0000000000
    0.0000000000     0.0000000000     0.2095209298     0.0000000000
    0.0000000000     0.0000000000     0.2107899292     0.0000000000
    0.0000000000     0.0000000000     0.2114080712     0.0000000000
    0.0000000000     0.0000000000     0.2114308516     0.0000000000
    0.0000000000     0.0000000000     0.2109633584     0.0000000000
    0.0000000000     0.0000000000     0.2101718656     0.0000000000
    0.0000000000     0.0000000000     0.2092857236     0.0000000000
    0.0000000000     0.0000000000     0.2085749560     0.0000000000
    0.0000000000     0.0000000000     0.0000000000     0.0000000000
