    0.0000000000     0.0000000000    -0.0000118867     0.0000118867
    0.0000118867     0.0000000000    -0.0002225489     0.0002106622
    0.0002225489     0.0000000000    -0.0005070100     0.0002844611
    0.0005070100     0.0000000000    -0.0008101626     0.0003031526
    0.0008101626     0.0000000000    -0.0011022886     0.0002921261
    0.0011022886     0.0000000000    -0.0013673604     0.0002650718
    0.0013673604     0.0000000000    -0.0015897649     0.0002224044
    0.0015897649     0.0000000000    -0.0017518213     0.0001620564
    0.0017518213     0.0000000000    -0.0018345922     0.0000827709
    0.0018345922     0.0000000000    -0.0018212204    -0.0000133718
    0.0018212204     0.0000000000    -0.0017003670    -0.0001208535
    0.0017003670     0.0000000000    -0.0014692256    -0.0002311413
    0.0014692256     0.0000000000    -0.0011355155    -0.0003337101
    0.0011355155     0.0000000000    -0.0007180839    -0.0004174316
    0.0007180839     0.0000000000    -0.0002457432    -0.0004723407
    0.0002457432     0.0000000000     0.0002457354    -0.0004914785
   -0.0002457354     0.0000000000     0.0007180764    -0.0004723410
   -0.0007180764     0.0000000000     0.0011355086    -0.0004174322
   -0.0011355086     0.0000000000     0.0014692196    -0.0003337110
   -0.0014692196     0.0000000000     0.0017003619    -0.0002311423
   -0.0017003619     0.0000000000     0.0018212165    -0.0001208546
   -0.0018212165     0.0000000000     0.0018345894    -0.0000133729
   -0.0018345894     0.0000000000     0.0017518194     0.0000827699
   -0.0017518194     0.0000000000     0.0015897638     0.0001620556
   -0.0015897638     0.0000000000     0.0013673600     0.0002224038
   -0.0013673600     0.0000000000     0.0011022887     0.0002650714
   -0.0011022887     0.0000000000     0.0008101628     0.0002921259
   -0.0008101628     0.0000000000     0.0005070103     0.0003031525
   -0.0005070103     0.0000000000     0.0002225491     0.0002844612
   -0.0002225491     0.0000000000     0.0000118868     0.0002106623
   -0.0000118868     0.0000000000     0.0000000000     0.0000118868
    0.0000000000    -0.0000118867    -0.0002522421     0.0002641288
    0.0002522421    -0.0002106622    -0.0007557212     0.0007141412
    0.0007557212    -0.0002844611    -0.0013927540     0.0009214940
    0.0013927540    -0.0003031526    -0.0020655056     0.0009759042
    0.0020655056    -0.0002921261    -0.0027038615     0.0009304819
    0.0027038615    -0.0002650718    -0.0032584562     0.0008196665
    0.0032584562    -0.0002224044    -0.0036890609     0.0006530091
    0.0036890609    -0.0001620564    -0.0039606150     0.0004336106
    0.0039606150    -0.0000827709    -0.0040444046     0.0001665605
    0.0040444046     0.0000133718    -0.0039212965    -0.0001364800
    0.0039212965     0.0001208535    -0.0035847577    -0.0004573922
    0.0035847577     0.0002311413    -0.0030429165    -0.0007729825
    0.0030429165     0.0003337101    -0.0023194284    -0.0010571982
    0.0023194284     0.0004174316    -0.0014529394    -0.0012839207
    0.0014529394     0.0004723407    -0.0004948396    -0.0014304405
    0.0004948396     0.0004914785     0.0004948236    -0.0014811417
   -0.0004948236     0.0004723410     0.0014529238    -0.0014304413
   -0.0014529238     0.0004174322     0.0023194138    -0.0012839222
   -0.0023194138     0.0003337110     0.0030429033    -0.0010572004
   -0.0030429033     0.0002311423     0.0035847461    -0.0007729852
   -0.0035847461     0.0001208546     0.0039212868    -0.0004573952
   -0.0039212868     0.0000133729     0.0040443970    -0.0001364831
   -0.0040443970    -0.0000827699     0.0039606094     0.0001665575
   -0.0039606094    -0.0001620556     0.0036890571     0.0004336079
   -0.0036890571    -0.0002224038     0.0032584539     0.0006530069
   -0.0032584539    -0.0002650714     0.0027038603     0.0008196650
   -0.0027038603    -0.0002921259     0.0020655052     0.0009304810
   -0.0020655052    -0.0003031525     0.0013927540     0.0009759038
   -0.0013927540    -0.0002844612     0.0007557213     0.0009214939
   -0.0007557213    -0.0002106623     0.0002522422     0.0007141413
   -0.0002522422    -0.0000118868     0.0000000000     0.0002641290
    0.0000000000    -0.0002641288    -0.0003600186     0.0006241474
    0.0003600186    -0.0007141412    -0.0010962323     0.0014503549
    0.0010962323    -0.0009214940    -0.0019905123     0.0018157740
    0.0019905123    -0.0009759042    -0.0028998925     0.0018852843
    0.0028998925    -0.0009304819    -0.0037318185     0.0017624079
    0.0037318185    -0.0008196665    -0.0044211482     0.0015089963
    0.0044211482    -0.0006530091    -0.0049197514     0.0011516123
    0.0049197514    -0.0004336106    -0.0051923816     0.0007062407
    0.0051923816    -0.0001665605    -0.0052166291     0.0001908081
    0.0052166291     0.0001364800    -0.0049835297    -0.0003695794
    0.0049835297     0.0004573922    -0.0044979000    -0.0009430219
    0.0044979000     0.0007729825    -0.0037783917    -0.0014924909
    0.0037783917     0.0010571982    -0.0028574133    -0.0019781767
    0.0028574133     0.0012839207    -0.0017805544    -0.0023607796
    0.0017805544     0.0014304405    -0.0006048282    -0.0026061666
    0.0006048282     0.0014811417     0.0006048093    -0.0026907792
   -0.0006048093     0.0014304413     0.0017805358    -0.0026061678
   -0.0017805358     0.0012839222     0.0028573956    -0.0023607820
   -0.0028573956     0.0010572004     0.0037783753    -0.0019781801
   -0.0037783753     0.0007729852     0.0044978853    -0.0014924952
   -0.0044978853     0.0004573952     0.0049835169    -0.0009430269
   -0.0049835169     0.0001364831     0.0052166185    -0.0003695846
   -0.0052166185    -0.0001665575     0.0051923732     0.0001908028
   -0.0051923732    -0.0004336079     0.0049197453     0.0007062359
   -0.0049197453    -0.0006530069     0.0044211440     0.0011516082
   -0.0044211440    -0.0008196650     0.0037318159     0.0015089931
   -0.0037318159    -0.0009304810     0.0028998911     0.0017624058
   -0.0028998911    -0.0009759038     0.0019905117     0.0018852831
   -0.0019905117    -0.0009214939     0.0010962321     0.0018157735
   -0.0010962321    -0.0007141413     0.0003600185     0.0014503549
   -0.0003600185    -0.0002641290     0.0000000000     0.0006241475
    0.0000000000    -0.0006241474    -0.0004421674     0.0010663148
    0.0004421674    -0.0014503549    -0.0012976097     0.0023057972
    0.0012976097    -0.0018157740    -0.0023151633     0.0028333277
    0.0023151633    -0.0018852843    -0.0033269124     0.0028970334
    0.0033269124    -0.0017624079    -0.0042261939     0.0026616894
    0.0042261939    -0.0015089963    -0.0049419459     0.0022247482
    0.0049419459    -0.0011516123    -0.0054283518     0.0016380182
    0.0054283518    -0.0007062407    -0.0056586446     0.0009365336
    0.0056586446    -0.0001908081    -0.0056217907     0.0001539541
    0.0056217907     0.0003695794    -0.0053195664    -0.0006718037
    0.0053195664     0.0009430219    -0.0047645464    -0.0014980419
    0.0047645464     0.0014924909    -0.0039793990    -0.0022776383
    0.0039793990     0.0019781767    -0.0029974037    -0.0029601719
    0.0029974037     0.0023607796    -0.0018631701    -0.0034950131
    0.0018631701     0.0026061666    -0.0006321512    -0.0038371855
    0.0006321512     0.0026907792     0.0006321328    -0.0039550632
   -0.0006321328     0.0026061678     0.0018631520    -0.0038371871
   -0.0018631520     0.0023607820     0.0029973863    -0.0034950163
   -0.0029973863     0.0019781801     0.0039793825    -0.0029601764
   -0.0039793825     0.0014924952     0.0047645314    -0.0022776440
   -0.0047645314     0.0009430269     0.0053195529    -0.0014980484
   -0.0053195529     0.0003695846     0.0056217791    -0.0006718108
   -0.0056217791    -0.0001908028     0.0056586351     0.0001539469
   -0.0056586351    -0.0007062359     0.0054283443     0.0009365267
   -0.0054283443    -0.0011516082     0.0049419404     0.0016380121
   -0.0049419404    -0.0015089931     0.0042261902     0.0022247433
   -0.0042261902    -0.0017624058     0.0033269101     0.0026616859
   -0.0033269101    -0.0018852831     0.0023151620     0.0028970312
   -0.0023151620    -0.0018157735     0.0012976091     0.0028333265
   -0.0012976091    -0.0014503549     0.0004421672     0.0023057967
   -0.0004421672    -0.0006241475     0.0000000000     0.0010663148
    0.0000000000    -0.0010663148    -0.0004471189     0.0015134337
    0.0004471189    -0.0023057972    -0.0013266715     0.0031853498
    0.0013266715    -0.0028333277    -0.0023683182     0.0038749744
    0.0023683182    -0.0028970334    -0.0033903451     0.0039190603
    0.0033903451    -0.0026616894    -0.0042800811     0.0035514255
    0.0042800811    -0.0022247482    -0.0049677794     0.0029124465
    0.0049677794    -0.0016380182    -0.0054150272     0.0020852660
    0.0054150272    -0.0009365336    -0.0056052780     0.0011267844
    0.0056052780    -0.0001539541    -0.0055368793     0.0000855555
    0.0055368793     0.0006718037    -0.0052174657    -0.0009912173
    0.0052174657     0.0014980419    -0.0046610598    -0.0020544477
    0.0046610598     0.0022776383    -0.0038880962    -0.0030506020
    0.0038880962     0.0029601719    -0.0029276441    -0.0039206240
    0.0029276441     0.0034950131    -0.0018200167    -0.0046026406
    0.0018200167     0.0038371855    -0.0006176150    -0.0050395872
    0.0006176150     0.0039550632     0.0006175991    -0.0051902773
   -0.0006175991     0.0038371871     0.0018200011    -0.0050395891
   -0.0018200011     0.0034950163     0.0029276290    -0.0046026442
   -0.0029276290     0.0029601764     0.0038880818    -0.0039206292
   -0.0038880818     0.0022776440     0.0046610464    -0.0030506086
   -0.0046610464     0.0014980484     0.0052174535    -0.0020544555
   -0.0052174535     0.0006718108     0.0055368685    -0.0009912259
   -0.0055368685    -0.0001539469     0.0056052688     0.0000855466
   -0.0056052688    -0.0009365267     0.0054150197     0.0011267758
   -0.0054150197    -0.0016380121     0.0049677736     0.0020852581
   -0.0049677736    -0.0022247433     0.0042800769     0.0029124400
   -0.0042800769    -0.0026616859     0.0033903423     0.0035514205
   -0.0033903423    -0.0028970312     0.0023683166     0.0039190569
   -0.0023683166    -0.0028333265     0.0013266706     0.0038749724
   -0.0013266706    -0.0023057967     0.0004471186     0.0031853487
   -0.0004471186    -0.0010663148     0.0000000000     0.0015134334
    0.0000000000    -0.0015134337    -0.0004049413     0.0019183750
    0.0004049413    -0.0031853498    -0.0012254344     0.0040058429
    0.0012254344    -0.0038749744    -0.0022079842     0.0048575242
    0.0022079842    -0.0039190603    -0.0031723363     0.0048834123
    0.0031723363    -0.0035514255    -0.0040056268     0.0043847160
    0.0040056268    -0.0029124465    -0.0046418310     0.0035486508
    0.0046418310    -0.0020852660    -0.0050494379     0.0024928728
    0.0050494379    -0.0011267844    -0.0052190088     0.0012963553
    0.0052190088    -0.0000855555    -0.0051533099     0.0000198566
    0.0051533099     0.0009912173    -0.0048603191    -0.0012842081
    0.0048603191     0.0020544477    -0.0043505905    -0.0025641763
    0.0043505905     0.0030506020    -0.0036386905    -0.0037625020
    0.0036386905     0.0039206240    -0.0027473233    -0.0048119912
    0.0027473233     0.0046026406    -0.0017117274    -0.0056382365
    0.0017117274     0.0050395872    -0.0005815934    -0.0061697212
    0.0005815934     0.0051902773     0.0005815813    -0.0063534520
   -0.0005815813     0.0050395891     0.0017117155    -0.0061697232
   -0.0017117155     0.0046026442     0.0027473117    -0.0056382404
   -0.0027473117     0.0039206292     0.0036386794    -0.0048119969
   -0.0036386794     0.0030506086     0.0043505800    -0.0037625093
   -0.0043505800     0.0020544555     0.0048603094    -0.0025641849
   -0.0048603094     0.0009912259     0.0051533011    -0.0012842175
   -0.0051533011    -0.0000855466     0.0052190010     0.0000198467
   -0.0052190010    -0.0011267758     0.0050494313     0.0012963455
   -0.0050494313    -0.0020852581     0.0046418258     0.0024928637
   -0.0046418258    -0.0029124400     0.0040056228     0.0035486429
   -0.0040056228    -0.0035514205     0.0031723335     0.0043847099
   -0.0031723335    -0.0039190569     0.0022079824     0.0048834080
   -0.0022079824    -0.0038749724     0.0012254335     0.0048575213
   -0.0012254335    -0.0031853487     0.0004049410     0.0040058413
   -0.0004049410    -0.0015134334     0.0000000000     0.0019183743
    0.0000000000    -0.0019183750    -0.0003261187     0.0022444936
    0.0003261187    -0.0040058429    -0.0010274210     0.0047071452
    0.0010274210    -0.0048575242    -0.0018920101     0.0057221134
    0.0018920101    -0.0048834123    -0.0027541679     0.0057455701
    0.0027541679    -0.0043847160    -0.0035054160     0.0051359640
    0.0035054160    -0.0035486508    -0.0040833350     0.0041265698
    0.0040833350    -0.0024928728    -0.0044601810     0.0028697188
    0.0044601810    -0.0012963553    -0.0046289995     0.0014651738
    0.0046289995    -0.0000198566    -0.0045922396    -0.0000169033
    0.0045922396     0.0012842081    -0.0043544699    -0.0015219778
    0.0043544699     0.0025641763    -0.0039204439    -0.0029982023
    0.0039204439     0.0037625020    -0.0032977954    -0.0043851505
    0.0032977954     0.0048119912    -0.0025026154    -0.0056071712
    0.0025026154     0.0056382365    -0.0015652183    -0.0065756336
    0.0015652183     0.0061697212    -0.0005329034    -0.0072020361
    0.0005329034     0.0063534520     0.0005328958    -0.0074192512
   -0.0005328958     0.0061697232     0.0015652107    -0.0072020381
   -0.0015652107     0.0056382404     0.0025026079    -0.0065756376
   -0.0025026079     0.0048119969     0.0032977882    -0.0056071771
   -0.0032977882     0.0037625093     0.0039204369    -0.0043851580
   -0.0039204369     0.0025641849     0.0043544633    -0.0029982113
   -0.0043544633     0.0012842175     0.0045922335    -0.0015219877
   -0.0045922335    -0.0000198467     0.0046289939    -0.0000169138
   -0.0046289939    -0.0012963455     0.0044601761     0.0014651633
   -0.0044601761    -0.0024928637     0.0040833310     0.0028697089
   -0.0040833310    -0.0035486429     0.0035054128     0.0041265611
   -0.0035054128    -0.0043847099     0.0027541657     0.0051359570
   -0.0027541657    -0.0048834080     0.0018920087     0.0057455649
   -0.0018920087    -0.0048575213     0.0010274202     0.0057221098
   -0.0010274202    -0.0040058413     0.0003261184     0.0047071431
   -0.0003261184    -0.0019183743     0.0000000000     0.0022444927
    0.0000000000    -0.0022444936    -0.0002284428     0.0024729364
    0.0002284428    -0.0047071452    -0.0007719940     0.0052506965
    0.0007719940    -0.0057221134    -0.0014791980     0.0064293174
    0.0014791980    -0.0057455701    -0.0022101220     0.0064764941
    0.0022101220    -0.0051359640    -0.0028644557     0.0057902977
    0.0028644557    -0.0041265698    -0.0033822741     0.0046443882
    0.0033822741    -0.0028697188    -0.0037358960     0.0032233407
    0.0037358960    -0.0014651738    -0.0039166608     0.0016459386
    0.0039166608     0.0000169033    -0.0039234762    -0.0000100880
    0.0039234762     0.0015219778    -0.0037558637    -0.0016895903
    0.0037558637     0.0029982023    -0.0034125231    -0.0033415429
    0.0034125231     0.0043851505    -0.0028946248    -0.0049030488
    0.0028946248     0.0056071712    -0.0022121557    -0.0062896403
    0.0022121557     0.0065756336    -0.0013906547    -0.0073971346
    0.0013906547     0.0072020361    -0.0004747518    -0.0081179389
    0.0004747518     0.0074192512     0.0004747488    -0.0083687518
   -0.0004747488     0.0072020381     0.0013906516    -0.0081179409
   -0.0013906516     0.0065756376     0.0022121525    -0.0073971386
   -0.0022121525     0.0056071771     0.0028946216    -0.0062896462
   -0.0028946216     0.0043851580     0.0034125199    -0.0049030563
   -0.0034125199     0.0029982113     0.0037558606    -0.0033415519
   -0.0037558606     0.0015219877     0.0039234731    -0.0016896003
   -0.0039234731     0.0000169138     0.0039166579    -0.0000100986
   -0.0039166579    -0.0014651633     0.0037358933     0.0016459278
   -0.0037358933    -0.0028697089     0.0033822717     0.0032233305
   -0.0033822717    -0.0041265611     0.0028644537     0.0046443791
   -0.0028644537    -0.0051359570     0.0022101206     0.0057902901
   -0.0022101206    -0.0057455649     0.0014791971     0.0064764884
   -0.0014791971    -0.0057221098     0.0007719936     0.0064293134
   -0.0007719936    -0.0047071431     0.0002284426     0.0052506940
   -0.0002284426    -0.0022444927     0.0000000000     0.0024729354
    0.0000000000    -0.0024729364    -0.0001254279     0.0025983643
    0.0001254279    -0.0052506965    -0.0004920970     0.0056173656
    0.0004920970    -0.0064293174    -0.0010186414     0.0069558617
    0.0010186414    -0.0064764941    -0.0015996207     0.0070574735
    0.0015996207    -0.0057902977    -0.0021466241     0.0063373010
    0.0021466241    -0.0046443882    -0.0026016258     0.0050993900
    0.0026016258    -0.0032233407    -0.0029342621     0.0035559770
    0.0029342621    -0.0016459386    -0.0031313669     0.0018430434
    0.0031313669     0.0000100880    -0.0031867026     0.0000452477
    0.0031867026     0.0016895903    -0.0030945637    -0.0017817291
    0.0030945637     0.0033415429    -0.0028483443    -0.0035877624
    0.0028483443     0.0049030488    -0.0024436823    -0.0053077107
    0.0024436823     0.0062896403    -0.0018849886    -0.0068483340
    0.0018849886     0.0073971346    -0.0011929031    -0.0080892201
    0.0011929031     0.0081179389    -0.0004086639    -0.0089021782
    0.0004086639     0.0083687518     0.0004086653    -0.0091860810
   -0.0004086653     0.0081179409     0.0011929044    -0.0089021801
   -0.0011929044     0.0073971386     0.0018849897    -0.0080892239
   -0.0018849897     0.0062896462     0.0024436831    -0.0068483396
   -0.0024436831     0.0049030563     0.0028483447    -0.0053077180
   -0.0028483447     0.0033415519     0.0030945639    -0.0035877711
   -0.0030945639     0.0016896003     0.0031867025    -0.0017817388
   -0.0031867025     0.0000100986     0.0031313666     0.0000452373
   -0.0031313666    -0.0016459278     0.0029342616     0.0018430328
   -0.0029342616    -0.0032233305     0.0026016253     0.0035559668
   -0.0026016253    -0.0046443791     0.0021466235     0.0050993808
   -0.0021466235    -0.0057902901     0.0015996203     0.0063372934
   -0.0015996203    -0.0064764884     0.0010186411     0.0070574676
   -0.0010186411    -0.0064293134     0.0004920969     0.0069558576
   -0.0004920969    -0.0052506940     0.0001254279     0.0056173630
   -0.0001254279    -0.0024729354     0.0000000000     0.0025983633
    0.0000000000    -0.0025983643    -0.0000278133     0.0026261776
    0.0000278133    -0.0056173656    -0.0002144572     0.0058040095
    0.0002144572    -0.0069558617    -0.0005500985     0.0072915030
    0.0005500985    -0.0070574735    -0.0009697014     0.0074770764
    0.0009697014    -0.0063373010    -0.0014006726     0.0067682722
    0.0014006726    -0.0050993900    -0.0017875688     0.0054862862
    0.0017875688    -0.0035559770    -0.0020962204     0.0038646287
    0.0020962204    -0.0018430434    -0.0023076830     0.0020545061
    0.0023076830    -0.0000452477    -0.0024101113     0.0001476760
    0.0024101113     0.0017817291    -0.0023929993    -0.0017988412
    0.0023929993     0.0035877624    -0.0022453148    -0.0037354469
    0.0022453148     0.0053077107    -0.0019579589    -0.0055950667
    0.0019579589     0.0068483340    -0.0015301047    -0.0072761882
    0.0015301047     0.0080892201    -0.0009772345    -0.0086420903
    0.0009772345     0.0089021782    -0.0003363741    -0.0095430386
    0.0003363741     0.0091860810     0.0003363796    -0.0098588347
   -0.0003363796     0.0089021801     0.0009772398    -0.0095430402
   -0.0009772398     0.0080892239     0.0015301096    -0.0086420936
   -0.0015301096     0.0068483396     0.0019579632    -0.0072761933
   -0.0019579632     0.0053077180     0.0022453186    -0.0055950734
   -0.0022453186     0.0035877711     0.0023930025    -0.0037354550
   -0.0023930025     0.0017817388     0.0024101140    -0.0017988503
   -0.0024101140    -0.0000452373     0.0023076852     0.0001476661
   -0.0023076852    -0.0018430328     0.0020962220     0.0020544960
   -0.0020962220    -0.0035559668     0.0017875700     0.0038646189
   -0.0017875700    -0.0050993808     0.0014006735     0.0054862773
   -0.0014006735    -0.0063372934     0.0009697021     0.0067682648
   -0.0009697021    -0.0070574676     0.0005500990     0.0074770707
   -0.0005500990    -0.0069558576     0.0002144575     0.0072914990
   -0.0002144575    -0.0056173630     0.0000278134     0.0058040071
   -0.0000278134    -0.0025983633     0.0000000000     0.0026261767
    0.0000000000    -0.0026261776     0.0000572162     0.0025689614
   -0.0000572162    -0.0058040095     0.0000411204     0.0058201053
   -0.0000411204    -0.0072915030    -0.0001042267     0.0074368501
    0.0001042267    -0.0074770764    -0.0003570434     0.0077298931
    0.0003570434    -0.0067682722    -0.0006645219     0.0070757507
    0.0006645219    -0.0054862862    -0.0009759215     0.0057976857
    0.0009759215    -0.0038646287    -0.0012538551     0.0041425623
    0.0012538551    -0.0020545061    -0.0014736387     0.0022742896
    0.0014736387    -0.0001476760    -0.0016180030     0.0002920403
    0.0016180030     0.0017988412    -0.0016721097    -0.0017447345
    0.0016721097     0.0037354469    -0.0016210970    -0.0037864595
    0.0016210970     0.0055950667    -0.0014516281    -0.0057645355
    0.0014516281     0.0072761882    -0.0011578634    -0.0075699530
    0.0011578634     0.0086420903    -0.0007499407    -0.0090500129
    0.0007499407     0.0095430386    -0.0002599888    -0.0100329905
    0.0002599888     0.0098588347     0.0002599980    -0.0103788214
   -0.0002599980     0.0095430402     0.0007499496    -0.0100329918
   -0.0007499496     0.0086420936     0.0011578715    -0.0090500156
   -0.0011578715     0.0072761933     0.0014516355    -0.0075699572
   -0.0014516355     0.0055950734     0.0016211036    -0.0057645414
   -0.0016211036     0.0037354550     0.0016721154    -0.0037864668
   -0.0016721154     0.0017988503     0.0016180079    -0.0017447428
   -0.0016180079    -0.0001476661     0.0014736428     0.0002920312
   -0.0014736428    -0.0020544960     0.0012538585     0.0022742803
   -0.0012538585    -0.0038646189     0.0009759241     0.0041425532
   -0.0009759241    -0.0054862773     0.0006645240     0.0057976775
   -0.0006645240    -0.0067682648     0.0003570450     0.0070757438
   -0.0003570450    -0.0074770707     0.0001042277     0.0077298879
   -0.0001042277    -0.0072914990    -0.0000411198     0.0074368465
    0.0000411198    -0.0058040071    -0.0000572160     0.0058201033
    0.0000572160    -0.0026261767     0.0000000000     0.0025689608
    0.0000000000    -0.0025689614     0.0001255598     0.0024434016
   -0.0001255598    -0.0058201053     0.0002610912     0.0056845739
   -0.0002610912    -0.0074368501     0.0002960845     0.0074018568
   -0.0002960845    -0.0077298931     0.0002094817     0.0078164959
   -0.0002094817    -0.0070757507     0.0000308092     0.0072544232
   -0.0000308092    -0.0057976857    -0.0001970978     0.0060255927
    0.0001970978    -0.0041425623    -0.0004356532     0.0043811177
    0.0004356532    -0.0022742896    -0.0006554865     0.0024941229
    0.0006554865    -0.0002920403    -0.0008344420     0.0004709958
    0.0008344420     0.0017447345    -0.0009536600    -0.0016255164
    0.0009536600     0.0037864595    -0.0009947076    -0.0037454120
    0.0009947076     0.0057645355    -0.0009402902    -0.0058189529
    0.0009402902     0.0075699530    -0.0007798068    -0.0077304363
    0.0007798068     0.0090500129    -0.0005180753    -0.0093117445
    0.0005180753     0.0100329905    -0.0001818753    -0.0103691905
    0.0001818753     0.0103788214     0.0001818874    -0.0107425842
   -0.0001818874     0.0100329918     0.0005180869    -0.0103691913
   -0.0005180869     0.0090500156     0.0007798176    -0.0093117464
   -0.0007798176     0.0075699572     0.0009403000    -0.0077304396
   -0.0009403000     0.0057645414     0.0009947163    -0.0058189577
   -0.0009947163     0.0037864668     0.0009536676    -0.0037454182
   -0.0009536676     0.0017447428     0.0008344486    -0.0016255238
   -0.0008344486    -0.0002920312     0.0006554921     0.0004709877
   -0.0006554921    -0.0022742803     0.0004356579     0.0024941145
   -0.0004356579    -0.0041425532     0.0001971016     0.0043811095
   -0.0001971016    -0.0057976775    -0.0000308062     0.0060255853
    0.0000308062    -0.0070757438    -0.0002094795     0.0072544171
    0.0002094795    -0.0077298879    -0.0002960830     0.0078164914
    0.0002960830    -0.0074368465    -0.0002610904     0.0074018539
    0.0002610904    -0.0058201033    -0.0001255595     0.0056845724
    0.0001255595    -0.0025689608     0.0000000000     0.0024434012
    0.0000000000    -0.0024434016     0.0001757371     0.0022676646
   -0.0001757371    -0.0056845739     0.0004375625     0.0054227485
   -0.0004375625    -0.0074018568     0.0006349624     0.0072044569
   -0.0006349624    -0.0078164959     0.0007077038     0.0077437545
   -0.0007077038    -0.0072544232     0.0006596922     0.0073024348
   -0.0006596922    -0.0060255927     0.0005222316     0.0061630534
   -0.0005222316    -0.0043811177     0.0003321259     0.0045712233
   -0.0003321259    -0.0024941229     0.0001216221     0.0027046268
   -0.0001216221    -0.0004709958    -0.0000830570     0.0006756749
    0.0000830570     0.0016255164    -0.0002592577    -0.0014493158
    0.0002592577     0.0037454120    -0.0003850475    -0.0036196222
    0.0003850475     0.0058189529    -0.0004393894    -0.0057646109
    0.0004393894     0.0077304363    -0.0004073032    -0.0077625225
    0.0004073032     0.0093117445    -0.0002885569    -0.0094304908
    0.0002885569     0.0103691905    -0.0001043509    -0.0105533965
    0.0001043509     0.0107425842     0.0001043652    -0.0109513003
   -0.0001043652     0.0103691913     0.0002885706    -0.0105533967
   -0.0002885706     0.0093117464     0.0004073158    -0.0094304916
   -0.0004073158     0.0077304396     0.0004394007    -0.0077625245
   -0.0004394007     0.0058189577     0.0003850575    -0.0057646144
   -0.0003850575     0.0037454182     0.0002592664    -0.0036196271
   -0.0002592664     0.0016255238     0.0000830647    -0.0014493220
   -0.0000830647    -0.0004709877    -0.0001216155     0.0006756679
    0.0001216155    -0.0024941145    -0.0003321204     0.0027046194
    0.0003321204    -0.0043811095    -0.0005222271     0.0045712162
    0.0005222271    -0.0060255853    -0.0006596888     0.0061630470
    0.0006596888    -0.0072544171    -0.0007077013     0.0073024296
    0.0007077013    -0.0078164914    -0.0006349608     0.0077437509
    0.0006349608    -0.0074018539    -0.0004375616     0.0072044548
    0.0004375616    -0.0056845724    -0.0001757368     0.0054227476
    0.0001757368    -0.0024434012     0.0000000000     0.0022676644
    0.0000000000    -0.0022676646     0.0002083223     0.0020593422
   -0.0002083223    -0.0054227485     0.0005676478     0.0050634230
   -0.0005676478    -0.0072044569     0.0009031553     0.0068689495
   -0.0009031553    -0.0077437545     0.0011219680     0.0075249418
   -0.0011219680    -0.0073024348     0.0012018176     0.0072225852
   -0.0012018176    -0.0061630534     0.0011592050     0.0062056659
   -0.0011592050    -0.0045712233     0.0010257689     0.0047046594
   -0.0010257689    -0.0027046268     0.0008343065     0.0028960892
   -0.0008343065    -0.0006756749     0.0006139756     0.0008960057
   -0.0006139756     0.0014493158     0.0003908934    -0.0012262336
   -0.0003908934     0.0036196222     0.0001903900    -0.0034191187
   -0.0001903900     0.0057646109     0.0000369414    -0.0056111623
   -0.0000369414     0.0077625225    -0.0000506603    -0.0076749209
    0.0000506603     0.0094304908    -0.0000676233    -0.0094135278
    0.0000676233     0.0105533965    -0.0000294993    -0.0105915205
    0.0000294993     0.0109513003     0.0000295148    -0.0110103144
   -0.0000295148     0.0105533967     0.0000676381    -0.0105915199
   -0.0000676381     0.0094304916     0.0000506738    -0.0094135274
   -0.0000506738     0.0077625245    -0.0000369293    -0.0076749214
    0.0000369293     0.0057646144    -0.0001903795    -0.0056111642
    0.0001903795     0.0036196271    -0.0003908843    -0.0034191224
    0.0003908843     0.0014493220    -0.0006139677    -0.0012262386
    0.0006139677    -0.0006756679    -0.0008342997     0.0008959998
    0.0008342997    -0.0027046194    -0.0010257633     0.0028960830
    0.0010257633    -0.0045712162    -0.0011592004     0.0047046534
    0.0011592004    -0.0061630470    -0.0012018141     0.0062056607
    0.0012018141    -0.0073024296    -0.0011219655     0.0072225811
    0.0011219655    -0.0077437509    -0.0009031537     0.0075249391
    0.0009031537    -0.0072044548    -0.0005676471     0.0068689481
    0.0005676471    -0.0054227476    -0.0002083221     0.0050634227
    0.0002083221    -0.0022676644     0.0000000000     0.0020593423
    0.0000000000    -0.0020593422     0.0002253684     0.0018339738
   -0.0002253684    -0.0050634230     0.0006527627     0.0046360287
   -0.0006527627    -0.0068689495     0.0010977994     0.0064239127
   -0.0010977994    -0.0075249418     0.0014435420     0.0071791992
   -0.0014435420    -0.0072225852     0.0016431364     0.0070229908
   -0.0016431364    -0.0062056659     0.0016960855     0.0061527169
   -0.0016960855    -0.0047046594     0.0016256628     0.0047750821
   -0.0016256628    -0.0028960892     0.0014626417     0.0030591102
   -0.0014626417    -0.0008960057     0.0012376454     0.0011210021
   -0.0012376454     0.0012262336     0.0009796306    -0.0009682188
   -0.0009796306     0.0034191187     0.0007169814    -0.0031564695
   -0.0007169814     0.0056111623     0.0004770827    -0.0053712636
   -0.0004770827     0.0076749209     0.0002817576    -0.0074795957
   -0.0002817576     0.0094135278     0.0001397042    -0.0092714744
   -0.0001397042     0.0105915205     0.0000410075    -0.0104928238
   -0.0000410075     0.0110103144    -0.0000409916    -0.0109283152
    0.0000409916     0.0105915199    -0.0001396892    -0.0104928224
    0.0001396892     0.0094135274    -0.0002817439    -0.0092714726
    0.0002817439     0.0076749214    -0.0004770707    -0.0074795945
    0.0004770707     0.0056111642    -0.0007169711    -0.0053712639
    0.0007169711     0.0034191224    -0.0009796218    -0.0031564717
    0.0009796218     0.0012262386    -0.0012376378    -0.0009682225
    0.0012376378    -0.0008959998    -0.0014626353     0.0011209974
    0.0014626353    -0.0028960830    -0.0016256575     0.0030591051
    0.0016256575    -0.0047046534    -0.0016960813     0.0047750771
    0.0016960813    -0.0062056607    -0.0016431332     0.0061527126
    0.0016431332    -0.0072225811    -0.0014435399     0.0070229877
    0.0014435399    -0.0075249391    -0.0010977982     0.0071791974
    0.0010977982    -0.0068689481    -0.0006527621     0.0064239121
    0.0006527621    -0.0050634227    -0.0002253683     0.0046360288
    0.0002253683    -0.0020593423     0.0000000000     0.0018339740
    0.0000000000    -0.0018339738     0.0002298268     0.0016041470
   -0.0002298268    -0.0046360287     0.0006977262     0.0041681293
   -0.0006977262    -0.0064239127     0.0012219324     0.0058997065
   -0.0012219324    -0.0071791992     0.0016709279     0.0067302037
   -0.0016709279    -0.0070229908     0.0019769444     0.0067169743
   -0.0019769444    -0.0061527169     0.0021218740     0.0060077872
   -0.0021218740    -0.0047750821     0.0021181504     0.0047788057
   -0.0021181504    -0.0030591102     0.0019920153     0.0031852453
   -0.0019920153    -0.0011210021     0.0017738015     0.0013392159
   -0.0017738015     0.0009682188     0.0014942736    -0.0006886910
   -0.0014942736     0.0031564695     0.0011841240    -0.0028463199
   -0.0011841240     0.0053712636     0.0008727861    -0.0050599257
   -0.0008727861     0.0074795957     0.0005841114    -0.0071909210
   -0.0005841114     0.0092714744     0.0003299536    -0.0090173166
   -0.0003299536     0.0104928238     0.0001060179    -0.0102688881
   -0.0001060179     0.0109283152    -0.0001060024    -0.0107162949
    0.0001060024     0.0104928224    -0.0003299390    -0.0102688858
    0.0003299390     0.0092714726    -0.0005840984    -0.0090173132
    0.0005840984     0.0074795945    -0.0008727749    -0.0071909180
    0.0008727749     0.0053712639    -0.0011841146    -0.0050599243
    0.0011841146     0.0031564717    -0.0014942657    -0.0028463205
    0.0014942657     0.0009682225    -0.0017737949    -0.0006886934
    0.0017737949    -0.0011209974    -0.0019920099     0.0013392124
    0.0019920099    -0.0030591051    -0.0021181460     0.0031852413
    0.0021181460    -0.0047750771    -0.0021218707     0.0047788018
    0.0021218707    -0.0061527126    -0.0019769420     0.0060077840
    0.0019769420    -0.0070229877    -0.0016709263     0.0067169721
    0.0016709263    -0.0071791974    -0.0012219316     0.0067302026
    0.0012219316    -0.0064239121    -0.0006977259     0.0058997064
    0.0006977259    -0.0046360288    -0.0002298267     0.0041681296
    0.0002298267    -0.0018339740     0.0000000000     0.0016041473
    0.0000000000    -0.0016041470     0.0002249965     0.0013791505
   -0.0002249965    -0.0041681293     0.0007096356     0.0036834902
   -0.0007096356    -0.0058997065     0.0012834794     0.0053258628
   -0.0012834794    -0.0067302037     0.0018095452     0.0062041379
   -0.0018095452    -0.0067169743     0.0022044142     0.0063221054
   -0.0022044142    -0.0060077872     0.0024335126     0.0057786888
   -0.0024335126    -0.0047788057     0.0024970892     0.0047152291
   -0.0024970892    -0.0031852453     0.0024147391     0.0032675954
   -0.0024147391    -0.0013392159     0.0022146068     0.0015393483
   -0.0022146068     0.0006886910     0.0019278118    -0.0004018960
   -0.0019278118     0.0028463199     0.0015861289    -0.0025046371
   -0.0015861289     0.0050599257     0.0012197957    -0.0046935924
   -0.0012197957     0.0071909210     0.0008534834    -0.0068246088
   -0.0008534834     0.0090173166     0.0005014187    -0.0086652519
   -0.0005014187     0.0102688881     0.0001649685    -0.0099324378
   -0.0001649685     0.0107162949    -0.0001649542    -0.0103863722
    0.0001649542     0.0102688858    -0.0005014054    -0.0099324346
    0.0005014054     0.0090173132    -0.0008534717    -0.0086652469
    0.0008534717     0.0071909180    -0.0012197858    -0.0068246039
    0.0012197858     0.0050599243    -0.0015861209    -0.0046935892
    0.0015861209     0.0028463205    -0.0019278053    -0.0025046361
    0.0019278053     0.0006886934    -0.0022146016    -0.0004018971
    0.0022146016    -0.0013392124    -0.0024147351     0.0015393458
    0.0024147351    -0.0031852413    -0.0024970860     0.0032675923
    0.0024970860    -0.0047788018    -0.0024335103     0.0047152261
    0.0024335103    -0.0060077840    -0.0022044127     0.0057786863
    0.0022044127    -0.0067169721    -0.0018095444     0.0063221038
    0.0018095444    -0.0067302026    -0.0012834790     0.0062041372
    0.0012834790    -0.0058997064    -0.0007096355     0.0053258629
    0.0007096355    -0.0041681296    -0.0002249966     0.0036834907
    0.0002249966    -0.0016041473     0.0000000000     0.0013791507
    0.0000000000    -0.0013791505     0.0002140421     0.0011651083
   -0.0002140421    -0.0036834902     0.0006965897     0.0032009427
   -0.0006965897    -0.0053258628     0.0012936560     0.0047287965
   -0.0012936560    -0.0062041379     0.0018704863     0.0056273076
   -0.0018704863    -0.0063221054     0.0023340617     0.0058585299
   -0.0023340617    -0.0057786888     0.0026360519     0.0054766987
   -0.0026360519    -0.0047152291     0.0027644869     0.0045867942
   -0.0027644869    -0.0032675954     0.0027308657     0.0033012166
   -0.0027308657    -0.0015393483     0.0025593010     0.0017109130
   -0.0025593010     0.0004018960     0.0022794803    -0.0001220754
   -0.0022794803     0.0025046371     0.0019225757    -0.0021477325
   -0.0019225757     0.0046935924     0.0015180165    -0.0042890332
   -0.0015180165     0.0068246088     0.0010899283    -0.0063965206
   -0.0010899283     0.0086652519     0.0006541612    -0.0082294848
   -0.0006541612     0.0099324378     0.0002178806    -0.0094961571
   -0.0002178806     0.0103863722    -0.0002178681    -0.0099506236
    0.0002178681     0.0099324346    -0.0006541497    -0.0094961531
    0.0006541497     0.0086652469    -0.0010899183    -0.0082294783
    0.0010899183     0.0068246039    -0.0015180084    -0.0063965138
    0.0015180084     0.0046935892    -0.0019225694    -0.0042890281
    0.0019225694     0.0025046361    -0.0022794756    -0.0021477299
    0.0022794756     0.0004018971    -0.0025592975    -0.0001220752
    0.0025592975    -0.0015393458    -0.0027308632     0.0017109115
    0.0027308632    -0.0032675923    -0.0027644852     0.0033012143
    0.0027644852    -0.0047152261    -0.0026360509     0.0045867918
    0.0026360509    -0.0057786863    -0.0023340613     0.0054766967
    0.0023340613    -0.0063221038    -0.0018704862     0.0058585287
    0.0018704862    -0.0062041372    -0.0012936561     0.0056273072
    0.0012936561    -0.0053258629    -0.0006965899     0.0047287966
    0.0006965899    -0.0036834907    -0.0002140422     0.0032009430
    0.0002140422    -0.0013791507     0.0000000000     0.0011651085
    0.0000000000    -0.0011651083     0.0001996201     0.0009654882
   -0.0001996201    -0.0032009427     0.0006664346     0.0027341282
   -0.0006664346    -0.0047287965     0.0012649872     0.0041302439
   -0.0012649872    -0.0056273076     0.0018684047     0.0050238901
   -0.0018684047    -0.0058585299     0.0023800169     0.0053469177
   -0.0023800169    -0.0054766987     0.0027415010     0.0051152145
   -0.0027415010    -0.0045867942     0.0029298623     0.0043984329
   -0.0029298623    -0.0033012166     0.0029478609     0.0032832179
   -0.0029478609    -0.0017109130     0.0028139817     0.0018447922
   -0.0028139817     0.0001220754     0.0025545157     0.0001373906
   -0.0025545157     0.0021477325     0.0021979980    -0.0017912148
   -0.0021979980     0.0042890332     0.0017711628    -0.0038621980
   -0.0017711628     0.0063965206     0.0012961542    -0.0059215120
   -0.0012961542     0.0082294848     0.0007897915    -0.0077231221
   -0.0007897915     0.0094961571     0.0002652826    -0.0089716482
   -0.0002652826     0.0099506236    -0.0002652724    -0.0094200686
    0.0002652724     0.0094961531    -0.0007897821    -0.0089716433
    0.0007897821     0.0082294783    -0.0012961463    -0.0077231141
    0.0012961463     0.0063965138    -0.0017711567    -0.0059215035
    0.0017711567     0.0042890281    -0.0021979936    -0.0038621912
    0.0021979936     0.0021477299    -0.0025545128    -0.0017912107
    0.0025545128     0.0001220752    -0.0028139800     0.0001373920
    0.0028139800    -0.0017109115    -0.0029478601     0.0018447917
    0.0029478601    -0.0033012143    -0.0029298621     0.0032832163
    0.0029298621    -0.0045867918    -0.0027415013     0.0043984309
    0.0027415013    -0.0054766967    -0.0023800174     0.0051152129
    0.0023800174    -0.0058585287    -0.0018684054     0.0053469166
    0.0018684054    -0.0056273072    -0.0012649878     0.0050238896
    0.0012649878    -0.0047287966    -0.0006664350     0.0041302438
    0.0006664350    -0.0032009430    -0.0001996203     0.0027341283
    0.0001996203    -0.0011651085     0.0000000000     0.0009654882
    0.0000000000    -0.0009654882     0.0001836450     0.0007818431
   -0.0001836450    -0.0027341282     0.0006257295     0.0022920437
   -0.0006257295    -0.0041302439     0.0012093109     0.0035466624
   -0.0012093109    -0.0050238901     0.0018189295     0.0044142715
   -0.0018189295    -0.0053469177     0.0023593740     0.0048064732
   -0.0023593740    -0.0051152145     0.0027664794     0.0047081092
   -0.0027664794    -0.0043984329     0.0030083166     0.0041565956
   -0.0030083166    -0.0032832179     0.0030790396     0.0032124950
   -0.0030790396    -0.0018447922     0.0029902816     0.0019335502
   -0.0029902816    -0.0001373906     0.0027629734     0.0003646989
   -0.0027629734     0.0017912148     0.0024208081    -0.0014490495
   -0.0024208081     0.0038621980     0.0019858216    -0.0034272116
   -0.0019858216     0.0059215120     0.0014767911    -0.0054124815
   -0.0014767911     0.0077231221     0.0009110044    -0.0071573353
   -0.0009110044     0.0089716482     0.0003080514    -0.0083686953
   -0.0003080514     0.0094200686    -0.0003080438    -0.0088039734
    0.0003080438     0.0089716433    -0.0009109974    -0.0083686897
    0.0009109974     0.0077231141    -0.0014767855    -0.0071573261
    0.0014767855     0.0059215035    -0.0019858175    -0.0054124714
    0.0019858175     0.0038621912    -0.0024208055    -0.0034272032
    0.0024208055     0.0017912107    -0.0027629722    -0.0014490441
    0.0027629722    -0.0001373920    -0.0029902815     0.0003647013
    0.0029902815    -0.0018447917    -0.0030790402     0.0019335503
    0.0030790402    -0.0032832163    -0.0030083178     0.0032124938
    0.0030083178    -0.0043984309    -0.0027664807     0.0041565939
    0.0027664807    -0.0051152129    -0.0023593754     0.0047081075
    0.0023593754    -0.0053469166    -0.0018189307     0.0048064719
    0.0018189307    -0.0050238896    -0.0012093118     0.0044142707
    0.0012093118    -0.0041302438    -0.0006257300     0.0035466620
    0.0006257300    -0.0027341283    -0.0001836452     0.0022920435
    0.0001836452    -0.0009654882     0.0000000000     0.0007818430
    0.0000000000    -0.0007818431     0.0001672087     0.0006146344
   -0.0001672087    -0.0022920437     0.0005790993     0.0018801531
   -0.0005790993    -0.0035466624     0.0011361811     0.0029895806
   -0.0011361811    -0.0044142715     0.0017361874     0.0038142652
   -0.0017361874    -0.0048064732     0.0022892287     0.0042534319
   -0.0022892287    -0.0047081092     0.0027291849     0.0042681530
   -0.0027291849    -0.0041565956     0.0030176997     0.0038680809
   -0.0030176997    -0.0032124950     0.0031410249     0.0030891698
   -0.0031410249    -0.0019335502     0.0031031149     0.0019714601
   -0.0031031149    -0.0003646989     0.0029177294     0.0005500844
   -0.0029177294     0.0014490495     0.0026015515    -0.0011328716
   -0.0026015515     0.0034272116     0.0021700003    -0.0029956604
   -0.0021700003     0.0054124815     0.0016372949    -0.0048797761
   -0.0016372949     0.0071573353     0.0010208977    -0.0065409381
   -0.0010208977     0.0083686953     0.0003471813    -0.0076949789
   -0.0003471813     0.0088039734    -0.0003471764    -0.0081096156
    0.0003471764     0.0083686897    -0.0010208933    -0.0076949728
    0.0010208933     0.0071573261    -0.0016372915    -0.0065409279
    0.0016372915     0.0054124714    -0.0021699981    -0.0048797648
    0.0021699981     0.0034272032    -0.0026015505    -0.0029956508
    0.0026015505     0.0014490441    -0.0029177297    -0.0011328649
    0.0029177297    -0.0003647013    -0.0031031161     0.0005500877
    0.0031031161    -0.0019335503    -0.0031410266     0.0019714609
    0.0031410266    -0.0032124938    -0.0030177017     0.0030891689
    0.0030177017    -0.0041565939    -0.0027291870     0.0038680792
    0.0027291870    -0.0047081075    -0.0022892307     0.0042681512
    0.0022892307    -0.0048064719    -0.0017361890     0.0042534303
    0.0017361890    -0.0044142707    -0.0011361822     0.0038142639
    0.0011361822    -0.0035466620    -0.0005790999     0.0029895797
    0.0005790999    -0.0022920435    -0.0001672089     0.0018801525
    0.0001672089    -0.0007818430     0.0000000000     0.0006146341
    0.0000000000    -0.0006146344     0.0001506545     0.0004639799
   -0.0001506545    -0.0018801531     0.0005290694     0.0015017383
   -0.0005290694    -0.0029895806     0.0010519992     0.0024666508
   -0.0010519992    -0.0038142652     0.0016310180     0.0032352465
   -0.0016310180    -0.0042534319     0.0021841296     0.0037003203
   -0.0021841296    -0.0042681530     0.0026464191     0.0038058636
   -0.0026464191    -0.0038680809     0.0029755240     0.0035389759
   -0.0029755240    -0.0030891698     0.0031507605     0.0029139333
   -0.0031507605    -0.0019714601     0.0031678920     0.0019543286
   -0.0031678920    -0.0005500844     0.0030319541     0.0006860223
   -0.0030319541     0.0011328716     0.0027506914    -0.0008516089
   -0.0027506914     0.0029956604     0.0023312897    -0.0025762588
   -0.0023312897     0.0048797761     0.0017825656    -0.0043310519
   -0.0017825656     0.0065409381     0.0011221130    -0.0058804855
   -0.0011221130     0.0076949789     0.0003834922    -0.0069563581
   -0.0003834922     0.0081096156    -0.0003834900    -0.0073426333
    0.0003834900     0.0076949728    -0.0011221110    -0.0069563518
    0.0011221110     0.0065409279    -0.0017825642    -0.0058804748
    0.0017825642     0.0048797648    -0.0023312891    -0.0043310399
    0.0023312891     0.0029956508    -0.0027506917    -0.0025762481
    0.0027506917     0.0011328649    -0.0030319552    -0.0008516014
    0.0030319552    -0.0005500877    -0.0031678939     0.0006860264
    0.0031678939    -0.0019714609    -0.0031507628     0.0019543298
    0.0031507628    -0.0030891689    -0.0029755266     0.0029139326
    0.0029755266    -0.0038680792    -0.0026464215     0.0035389742
    0.0026464215    -0.0042681512    -0.0021841318     0.0038058615
    0.0021841318    -0.0042534303    -0.0016310197     0.0037003182
    0.0016310197    -0.0038142639    -0.0010520004     0.0032352446
    0.0010520004    -0.0029895797    -0.0005290700     0.0024666493
    0.0005290700    -0.0018801525    -0.0001506547     0.0015017372
    0.0001506547    -0.0006146341     0.0000000000     0.0004639794
    0.0000000000    -0.0004639799     0.0001337781     0.0003302018
   -0.0001337781    -0.0015017383     0.0004763672     0.0011591492
   -0.0004763672    -0.0024666508     0.0009600058     0.0019830121
   -0.0009600058    -0.0032352465     0.0015102607     0.0026849916
   -0.0015102607    -0.0037003203     0.0020545432     0.0031560378
   -0.0020545432    -0.0038058636     0.0025313734     0.0033290334
   -0.0025313734    -0.0035389759     0.0028963277     0.0031740215
   -0.0028963277    -0.0029139333     0.0031226880     0.0026875731
   -0.0031226880    -0.0019543286     0.0031976957     0.0018793209
   -0.0031976957    -0.0006860223     0.0031164235     0.0007672944
   -0.0031164235     0.0008516089     0.0028761759    -0.0006113613
   -0.0028761759     0.0025762588     0.0024748047    -0.0021748875
   -0.0024748047     0.0043310519     0.0019153750    -0.0037716222
   -0.0019153750     0.0058804855     0.0012158478    -0.0051809583
   -0.0012158478     0.0069563581     0.0004172927    -0.0061578030
   -0.0004172927     0.0073426333    -0.0004172930    -0.0065080476
    0.0004172930     0.0069563518    -0.0012158482    -0.0061577967
    0.0012158482     0.0058804748    -0.0019153754    -0.0051809475
    0.0019153754     0.0043310399    -0.0024748053    -0.0037716099
    0.0024748053     0.0025762481    -0.0028761770    -0.0021748765
    0.0028761770     0.0008516014    -0.0031164251    -0.0006113533
    0.0031164251    -0.0006860264    -0.0031976977     0.0007672990
    0.0031976977    -0.0019543298    -0.0031226904     0.0018793225
    0.0031226904    -0.0029139326    -0.0028963303     0.0026875725
    0.0028963303    -0.0035389742    -0.0025313758     0.0031740197
    0.0025313758    -0.0038058615    -0.0020545452     0.0033290309
    0.0020545452    -0.0037003182    -0.0015102623     0.0031560353
    0.0015102623    -0.0032352446    -0.0009600069     0.0026849892
    0.0009600069    -0.0024666493    -0.0004763677     0.0019830101
    0.0004763677    -0.0015017372    -0.0001337783     0.0011591478
    0.0001337783    -0.0004639794     0.0000000000     0.0003302012
    0.0000000000    -0.0003302018     0.0001161073     0.0002140945
   -0.0001161073    -0.0011591492     0.0004205685     0.0008546880
   -0.0004205685    -0.0019830121     0.0008610245     0.0015425562
   -0.0008610245    -0.0026849916     0.0013771514     0.0021688647
   -0.0013771514    -0.0031560378     0.0019065684     0.0026266208
   -0.0019065684    -0.0033290334     0.0023925650     0.0028430367
   -0.0023925650    -0.0031740215     0.0027899238     0.0027766627
   -0.0027899238    -0.0026875731     0.0030664979     0.0024109990
   -0.0030664979    -0.0018793209     0.0032007424     0.0017450764
   -0.0032007424    -0.0007672944     0.0031768991     0.0007911378
   -0.0031768991     0.0006113613     0.0029809348    -0.0004153970
   -0.0029809348     0.0021748875     0.0026009904    -0.0017949431
   -0.0026009904     0.0037716222     0.0020346555    -0.0032052873
   -0.0020346555     0.0051809583     0.0013007664    -0.0044470692
   -0.0013007664     0.0061578030     0.0004480057    -0.0053050423
   -0.0004480057     0.0065080476    -0.0004480083    -0.0056120336
    0.0004480083     0.0061577967    -0.0013007687    -0.0053050363
    0.0013007687     0.0051809475    -0.0020346574    -0.0044470589
    0.0020346574     0.0037716099    -0.0026009919    -0.0032052754
    0.0026009919     0.0021748765    -0.0029809362    -0.0017949322
    0.0029809362     0.0006113533    -0.0031769006    -0.0004153889
    0.0031769006    -0.0007672990    -0.0032007441     0.0007911426
    0.0032007441    -0.0018793225    -0.0030664997     0.0017450781
    0.0030664997    -0.0026875725    -0.0027899257     0.0024109985
    0.0027899257    -0.0031740197    -0.0023925668     0.0027766608
    0.0023925668    -0.0033290309    -0.0019065700     0.0028430340
    0.0019065700    -0.0031560353    -0.0013771526     0.0026266179
    0.0013771526    -0.0026849892    -0.0008610253     0.0021688619
    0.0008610253    -0.0019830101    -0.0004205689     0.0015425538
    0.0004205689    -0.0011591478    -0.0001161074     0.0008546863
    0.0001161074    -0.0003302012     0.0000000000     0.0002140937
    0.0000000000    -0.0002140945     0.0000971425     0.0001169520
   -0.0000971425    -0.0008546880     0.0003607985     0.0005910320
   -0.0003607985    -0.0015425562     0.0007545301     0.0011488246
   -0.0007545301    -0.0021688647     0.0012323895     0.0016910054
   -0.0012323895    -0.0026266208     0.0017425732     0.0021164370
   -0.0017425732    -0.0028430367     0.0022337466     0.0023518634
   -0.0022337466    -0.0027766627     0.0026604921     0.0023499172
   -0.0026604921    -0.0024109990     0.0029854809     0.0020860102
   -0.0029854809    -0.0017450764     0.0031781818     0.0015523755
   -0.0031781818    -0.0007911378     0.0032116208     0.0007576988
   -0.0032116208     0.0004153970     0.0030603411    -0.0002641173
   -0.0030603411     0.0017949431     0.0027033195    -0.0014379216
   -0.0027033195     0.0032052873     0.0021336689    -0.0026356367
   -0.0021336689     0.0044470692     0.0013718237    -0.0036852240
   -0.0013718237     0.0053050423     0.0004737636    -0.0044069821
   -0.0004737636     0.0056120336    -0.0004737682    -0.0046645019
    0.0004737682     0.0053050363    -0.0013718277    -0.0044069768
    0.0013718277     0.0044470589    -0.0021336719    -0.0036852147
    0.0021336719     0.0032052754    -0.0027033215    -0.0026356257
    0.0027033215     0.0017949322    -0.0030603423    -0.0014379114
    0.0030603423     0.0004153889    -0.0032116217    -0.0002641095
    0.0032116217    -0.0007911426    -0.0031781826     0.0007577034
    0.0031781826    -0.0017450781    -0.0029854817     0.0015523773
    0.0029854817    -0.0024109985    -0.0026604930     0.0020860097
    0.0026604930    -0.0027766608    -0.0022337475     0.0023499153
    0.0022337475    -0.0028430340    -0.0017425740     0.0023518606
    0.0017425740    -0.0026266179    -0.0012323901     0.0021164339
    0.0012323901    -0.0021688619    -0.0007545305     0.0016910023
    0.0007545305    -0.0015425538    -0.0003607987     0.0011488220
    0.0003607987    -0.0008546863    -0.0000971426     0.0005910301
    0.0000971426    -0.0002140937     0.0000000000     0.0001169512
    0.0000000000    -0.0001169520     0.0000765217     0.0000404302
   -0.0000765217    -0.0005910320     0.0002962944     0.0003712594
   -0.0002962944    -0.0011488246     0.0006396309     0.0008054880
   -0.0006396309    -0.0016910054     0.0010752749     0.0012553614
   -0.0010752749    -0.0021164370     0.0015620469     0.0016296650
   -0.0015620469    -0.0023518634     0.0020540621     0.0018598482
   -0.0020540621    -0.0023499172     0.0025058014     0.0018981780
   -0.0025058014    -0.0020860102     0.0028748038     0.0017170078
   -0.0028748038    -0.0015523755     0.0031216106     0.0013055687
   -0.0031216106    -0.0007576988     0.0032083832     0.0006709261
   -0.0032083832     0.0002641173     0.0030992258    -0.0001549599
   -0.0030992258     0.0014379216     0.0027656065    -0.0011043023
   -0.0027656065     0.0026356367     0.0021979052    -0.0020679354
   -0.0021979052     0.0036852240     0.0014189375    -0.0029062563
   -0.0014189375     0.0044069821     0.0004909549    -0.0034789995
   -0.0004909549     0.0046645019    -0.0004909609    -0.0036825860
    0.0004909609     0.0044069768    -0.0014189427    -0.0034789950
    0.0014189427     0.0036852147    -0.0021979089    -0.0029062484
    0.0021979089     0.0026356257    -0.0027656087    -0.0020679260
    0.0027656087     0.0014379114    -0.0030992267    -0.0011042934
    0.0030992267     0.0002641095    -0.0032083832    -0.0001549530
    0.0032083832    -0.0007577034    -0.0031216101     0.0006709304
    0.0031216101    -0.0015523773    -0.0028748032     0.0013055704
    0.0028748032    -0.0020860097    -0.0025058008     0.0017170074
    0.0025058008    -0.0023499153    -0.0020540617     0.0018981761
    0.0020540617    -0.0023518606    -0.0015620467     0.0018598455
    0.0015620467    -0.0021164339    -0.0010752747     0.0016296619
    0.0010752747    -0.0016910023    -0.0006396308     0.0012553585
    0.0006396308    -0.0011488220    -0.0002962943     0.0008054854
    0.0002962943    -0.0005910301    -0.0000765217     0.0003712576
    0.0000765217    -0.0001169512     0.0000000000     0.0000404295
    0.0000000000    -0.0000404302     0.0000539195    -0.0000134893
   -0.0000539195    -0.0003712594     0.0002264522     0.0001987267
   -0.0002264522    -0.0008054880     0.0005153191     0.0005166211
   -0.0005153191    -0.0012553614     0.0009039894     0.0008666911
   -0.0009039894    -0.0016296650     0.0013615739     0.0011720805
   -0.0013615739    -0.0018598482     0.0018473603     0.0013740618
   -0.0018473603    -0.0018981780     0.0023156487     0.0014298896
   -0.0023156487    -0.0017170078     0.0027190793     0.0013135772
   -0.0027190793    -0.0013055687     0.0030099911     0.0010146568
   -0.0030099911    -0.0006709261     0.0031411607     0.0005397565
   -0.0031411607     0.0001549599     0.0030686158    -0.0000824151
   -0.0030686158     0.0011043023     0.0027592060    -0.0007948925
   -0.0027592060     0.0020679354     0.0022029779    -0.0015117073
   -0.0022029779     0.0029062563     0.0014257000    -0.0021289783
   -0.0014257000     0.0034789995     0.0004937928    -0.0025470923
   -0.0004937928     0.0036825860    -0.0004937997    -0.0026949936
    0.0004937997     0.0034789950    -0.0014257058    -0.0025470889
    0.0014257058     0.0029062484    -0.0022029820    -0.0021289723
    0.0022029820     0.0020679260    -0.0027592080    -0.0015117000
    0.0027592080     0.0011042934    -0.0030686160    -0.0007948854
    0.0030686160     0.0001549530    -0.0031411596    -0.0000824095
    0.0031411596    -0.0006709304    -0.0030099893     0.0005397601
    0.0030099893    -0.0013055704    -0.0027190772     0.0010146583
    0.0027190772    -0.0017170074    -0.0023156466     0.0013135769
    0.0023156466    -0.0018981761    -0.0018473585     0.0014298880
    0.0018473585    -0.0018598455    -0.0013615725     0.0013740595
    0.0013615725    -0.0016296619    -0.0009039883     0.0011720778
    0.0009039883    -0.0012553585    -0.0005153184     0.0008666885
    0.0005153184    -0.0008054854    -0.0002264518     0.0005166189
    0.0002264518    -0.0003712576    -0.0000539194     0.0001987251
    0.0000539194    -0.0000404295     0.0000000000    -0.0000134899
    0.0000000000     0.0000134893     0.0000293594    -0.0000428486
   -0.0000293594    -0.0001987267     0.0001515197     0.0000765664
   -0.0001515197    -0.0005166211     0.0003812995     0.0002868412
   -0.0003812995    -0.0008666911     0.0007160724     0.0005319183
   -0.0007160724    -0.0011720805     0.0011343791     0.0007537738
   -0.0011343791    -0.0013740618     0.0016003281     0.0009081128
   -0.0016003281    -0.0014298896     0.0020683661     0.0009618515
   -0.0020683661    -0.0013135772     0.0024873909     0.0008945525
   -0.0024873909    -0.0010146568     0.0028036811     0.0006983667
   -0.0028036811    -0.0005397565     0.0029638491     0.0003795885
   -0.0029638491     0.0000824151     0.0029199202    -0.0000384861
   -0.0029199202     0.0007948925     0.0026382228    -0.0005131951
   -0.0026382228     0.0015117073     0.0021111737    -0.0009846582
   -0.0021111737     0.0021289783     0.0013673425    -0.0013851472
   -0.0013673425     0.0025470923     0.0004736479    -0.0016533978
   -0.0004736479     0.0026949936    -0.0004736550    -0.0017476906
    0.0004736550     0.0025470889    -0.0013673485    -0.0016533955
    0.0013673485     0.0021289723    -0.0021111777    -0.0013851431
    0.0021111777     0.0015117000    -0.0026382245    -0.0009846532
    0.0026382245     0.0007948854    -0.0029199197    -0.0005131902
    0.0029199197     0.0000824095    -0.0029638470    -0.0000384822
    0.0029638470    -0.0005397601    -0.0028036780     0.0003795910
    0.0028036780    -0.0010146583    -0.0024873874     0.0006983677
    0.0024873874    -0.0013135769    -0.0020683628     0.0008945522
    0.0020683628    -0.0014298880    -0.0016003251     0.0009618503
    0.0016003251    -0.0013740595    -0.0011343766     0.0009081110
    0.0011343766    -0.0011720778    -0.0007160706     0.0007537718
    0.0007160706    -0.0008666885    -0.0003812984     0.0005319163
    0.0003812984    -0.0005166189    -0.0001515191     0.0002868396
    0.0001515191    -0.0001987251    -0.0000293592     0.0000765652
    0.0000293592     0.0000134899     0.0000000000    -0.0000428491
    0.0000000000     0.0000428486     0.0000032122    -0.0000460608
   -0.0000032122    -0.0000765664     0.0000728158     0.0000069628
   -0.0000728158    -0.0002868412     0.0002380716     0.0001215854
   -0.0002380716    -0.0005319183     0.0005078333     0.0002621566
   -0.0005078333    -0.0007537738     0.0008686616     0.0003929455
   -0.0008686616    -0.0009081128     0.0012895919     0.0004871825
   -0.0012895919    -0.0009618515     0.0017268655     0.0005245780
   -0.0017268655    -0.0008945525     0.0021287712     0.0004926468
   -0.0021287712    -0.0006983667     0.0024400314     0.0003871065
   -0.0024400314    -0.0003795885     0.0026066606     0.0002129593
   -0.0026066606     0.0000384861     0.0025825637    -0.0000143893
   -0.0025825637     0.0005131951     0.0023384345    -0.0002690658
   -0.0023384345     0.0009846582     0.0018713253    -0.0005175491
   -0.0018713253     0.0013851472     0.0012110019    -0.0007248237
   -0.0012110019     0.0016533978     0.0004192048    -0.0008616007
   -0.0004192048     0.0017476906    -0.0004192113    -0.0009092745
    0.0004192113     0.0016533955    -0.0012110073    -0.0008615995
    0.0012110073     0.0013851431    -0.0018713288    -0.0007248216
    0.0018713288     0.0009846532    -0.0023384356    -0.0005175463
    0.0023384356     0.0005131902    -0.0025825627    -0.0002690631
    0.0025825627     0.0000384822    -0.0026066579    -0.0000143871
    0.0026066579    -0.0003795910    -0.0024400275     0.0002129607
    0.0024400275    -0.0006983677    -0.0021287669     0.0003871071
    0.0021287669    -0.0008945522    -0.0017268613     0.0004926466
    0.0017268613    -0.0009618503    -0.0012895882     0.0005245772
    0.0012895882    -0.0009081110    -0.0008686586     0.0004871814
    0.0008686586    -0.0007537718    -0.0005078311     0.0003929443
    0.0005078311    -0.0005319163    -0.0002380702     0.0002621554
    0.0002380702    -0.0002868396    -0.0000728151     0.0001215844
    0.0000728151    -0.0000765652    -0.0000032120     0.0000069621
    0.0000032120     0.0000428491     0.0000000000    -0.0000460611
    0.0000000000     0.0000460608    -0.0000189557    -0.0000271051
    0.0000189557    -0.0000069628     0.0000020316    -0.0000140245
   -0.0000020316    -0.0001215854     0.0000983977     0.0000252194
   -0.0000983977    -0.0002621566     0.0002849395     0.0000756147
   -0.0002849395    -0.0003929455     0.0005544909     0.0001233941
   -0.0005544909    -0.0004871825     0.0008829070     0.0001587664
   -0.0008829070    -0.0005245780     0.0012332337     0.0001742512
   -0.0012332337    -0.0004926468     0.0015605525     0.0001653280
   -0.0015605525    -0.0003871065     0.0018169481     0.0001307109
   -0.0018169481    -0.0002129593     0.0019571073     0.0000728000
   -0.0019571073     0.0000143893     0.0019448693    -0.0000021513
   -0.0019448693     0.0002690658     0.0017603259    -0.0000845224
   -0.0017603259     0.0005175491     0.0014057004    -0.0001629236
   -0.0014057004     0.0007248237     0.0009075166    -0.0002266399
   -0.0009075166     0.0008616007     0.0003136787    -0.0002677628
   -0.0003136787     0.0009092745    -0.0003136835    -0.0002819122
    0.0003136835     0.0008615995    -0.0009075206    -0.0002677624
    0.0009075206     0.0007248216    -0.0014057029    -0.0002266392
    0.0014057029     0.0005175463    -0.0017603265    -0.0001629227
    0.0017603265     0.0002690631    -0.0019448681    -0.0000845215
    0.0019448681     0.0000143871    -0.0019571047    -0.0000021505
    0.0019571047    -0.0002129607    -0.0018169444     0.0000728005
    0.0018169444    -0.0003871071    -0.0015605484     0.0001307111
    0.0015605484    -0.0004926466    -0.0012332297     0.0001653280
    0.0012332297    -0.0005245772    -0.0008829035     0.0001742509
    0.0008829035    -0.0004871814    -0.0005544881     0.0001587660
    0.0005544881    -0.0003929443    -0.0002849375     0.0001233936
    0.0002849375    -0.0002621554    -0.0000983964     0.0000756143
    0.0000983964    -0.0001215844    -0.0000020310     0.0000252190
    0.0000020310    -0.0000069621     0.0000189559    -0.0000140247
   -0.0000189559     0.0000460611     0.0000000000    -0.0000271052
    0.0000000000     0.0000271051    -0.0000271051     0.0000000000
    0.0000271051     0.0000140245    -0.0000411297     0.0000000000
    0.0000411297    -0.0000252194    -0.0000159103     0.0000000000
    0.0000159103    -0.0000756147     0.0000597044     0.0000000000
   -0.0000597044    -0.0001233941     0.0001830985     0.0000000000
   -0.0001830985    -0.0001587664     0.0003418649     0.0000000000
   -0.0003418649    -0.0001742512     0.0005161161     0.0000000000
   -0.0005161161    -0.0001653280     0.0006814442     0.0000000000
   -0.0006814442    -0.0001307109     0.0008121550     0.0000000000
   -0.0008121550    -0.0000728000     0.0008849551     0.0000000000
   -0.0008849551     0.0000021513     0.0008828038     0.0000000000
   -0.0008828038     0.0000845224     0.0007982814     0.0000000000
   -0.0007982814     0.0001629236     0.0006353578     0.0000000000
   -0.0006353578     0.0002266399     0.0004087179     0.0000000000
   -0.0004087179     0.0002677628     0.0001409551     0.0000000000
   -0.0001409551     0.0002819122    -0.0001409572     0.0000000000
    0.0001409572     0.0002677624    -0.0004087196     0.0000000000
    0.0004087196     0.0002266392    -0.0006353588     0.0000000000
    0.0006353588     0.0001629227    -0.0007982815     0.0000000000
    0.0007982815     0.0000845215    -0.0008828030     0.0000000000
    0.0008828030     0.0000021505    -0.0008849535     0.0000000000
    0.0008849535    -0.0000728005    -0.0008121530     0.0000000000
    0.0008121530    -0.0001307111    -0.0006814419     0.0000000000
    0.0006814419    -0.0001653280    -0.0005161140     0.0000000000
    0.0005161140    -0.0001742509    -0.0003418630     0.0000000000
    0.0003418630    -0.0001587660    -0.0001830970     0.0000000000
    0.0001830970    -0.0001233936    -0.0000597034     0.0000000000
    0.0000597034    -0.0000756143     0.0000159109     0.0000000000
   -0.0000159109    -0.0000252190     0.0000411299     0.0000000000
   -0.0000411299     0.0000140247     0.0000271052     0.0000000000
   -0.0000271052     0.0000271052     0.0000000000     0.0000000000
