    0.0000000000     0.0000000000     0.0000000000     0.0000000000
    0.0000000000     0.0000000000    -0.3100672258     1.0000000000
    0.0000000000     0.0000000000    -0.3130220681     1.0000000000
    0.0000000000     0.0000000000    -0.3135146257     1.0000000000
    0.0000000000     0.0000000000    -0.3130900395     1.0000000000
    0.0000000000     0.0000000000    -0.3113692828     1.0000000000
    0.0000000000     0.0000000000    -0.3085554626     1.0000000000
    0.0000000000     0.0000000000    -0.3045610536     1.0000000000
    0.0000000000     0.0000000000    -0.2993788018     1.0000000000
    0.0000000000     0.0000000000    -0.2930616196     1.0000000000
    0.0000000000     0.0000000000    -0.2858218229     1.0000000000
    0.0000000000     0.0000000000    -0.2780430577     1.0000000000
    0.0000000000     0.0000000000    -0.2702758345     1.0000000000
    0.0000000000     0.0000000000    -0.2631865112     1.0000000000
    0.0000000000     0.0000000000    -0.2574734466     1.0000000000
    0.0000000000     0.0000000000    -0.2537568899     1.0000000000
    0.0000000000     0.0000000000    -0.2524667051     1.0000000000
    0.0000000000     0.0000000000    -0.2537568542     1.0000000000
    0.0000000000     0.0000000000    -0.2574733778     1.0000000000
    0.0000000000     0.0000000000    -0.2631864141     1.0000000000
    0.0000000000     0.0000000000    -0.2702757152     1.0000000000
    0.0000000000     0.0000000000    -0.2780429234     1.0000000000
    0.0000000000     0.0000000000    -0.2858216803     1.0000000000
    0.0000000000     0.0000000000    -0.2930614747     1.0000000000
    0.0000000000     0.0000000000    -0.2993786593     1.0000000000
    0.0000000000     0.0000000000    -0.3045609164     1.0000000000
    0.0000000000     0.0000000000    -0.3085553320     1.0000000000
    0.0000000000     0.0000000000    -0.3113691588     1.0000000000
    0.0000000000     0.0000000000    -0.3130899212     1.0000000000
    0.0000000000     0.0000000000    -0.3135145114     1.0000000000
    0.0000000000     0.0000000000    -0.3130219563     1.0000000000
    0.0000000000     0.0000000000    -0.3100671145     1.0000000000
    0.0000000000     0.0000000000     0.0000000000     0.0000000000
    0.0000000000     0.0000000000    -0.3100672258     0.9840409809
    0.0008365182     0.0127126823    -0.3100672258     0.9840409809
   -0.0024976947     0.0183890970    -0.3130220681     0.9832433430
   -0.0111047398     0.0196715466    -0.3135146257     0.9812522067
   -0.0203760756     0.0198921555    -0.3130900395     0.9780538522
   -0.0297768009     0.0198128483    -0.3113692828     0.9738868652
   -0.0384977463     0.0196701973    -0.3085554626     0.9691085453
   -0.0461653391     0.0194375649    -0.3045610536     0.9640559243
   -0.0522432588     0.0190475085    -0.2993788018     0.9589840952
   -0.0561560344     0.0184395304    -0.2930616196     0.9540694965
   -0.0573224383     0.0176001858    -0.2858218229     0.9494443413
   -0.0552860990     0.0165679922    -0.2780430577     0.9452269309
   -0.0498121892     0.0154323188    -0.2702758345     0.9415369661
   -0.0409698984     0.0143212922    -0.2631865112     0.9384967103
   -0.0291735440     0.0133817940    -0.2574734466     0.9362229976
   -0.0151754478     0.0127516358    -0.2537568899     0.9348143065
   -0.0000001218     0.0125295952    -0.2524667051     0.9343369279
    0.0151752090     0.0127516320    -0.2537568542     0.9348142993
    0.0291733197     0.0133817867    -0.2574733778     0.9362229834
    0.0409696967     0.0143212823    -0.2631864141     0.9384966898
    0.0498120166     0.0154323074    -0.2702757152     0.9415369401
    0.0552859596     0.0165679803    -0.2780429234     0.9452269006
    0.0573223333     0.0176001746    -0.2858216803     0.9494443080
    0.0561559622     0.0184395209    -0.2930614747     0.9540694617
    0.0522432156     0.0190475014    -0.2993786593     0.9589840606
    0.0461653188     0.0194375603    -0.3045609164     0.9640558913
    0.0384977421     0.0196701951    -0.3085553320     0.9691085149
    0.0297768058     0.0198128481    -0.3113691588     0.9738868382
    0.0203760840     0.0198921566    -0.3130899212     0.9780538284
    0.0111047475     0.0196715485    -0.3135145114     0.9812521857
    0.0024976992     0.0183890990    -0.3130219563     0.9832433237
   -0.0008365170     0.0127126837    -0.3100671145     0.9840409622
    0.0000000000     0.0000000000    -0.3100671145     0.9840409622
    0.0000000000     0.0000000000    -0.2641249536     0.9528942488
   -0.0023486949    -0.0007018337    -0.2641249536     0.9528942488
   -0.0137742092     0.0059676834    -0.2655500774     0.9504556183
   -0.0328320562     0.0095812236    -0.2652338921     0.9443526091
   -0.0536042477     0.0106648268    -0.2646742242     0.9345360654
   -0.0744380774     0.0100822884    -0.2632615938     0.9217951928
   -0.0932382790     0.0084747205    -0.2611213074     0.9072945229
   -0.1088051757     0.0059195234    -0.2580424697     0.8921119676
   -0.1199287981     0.0023637957    -0.2539525626     0.8770403840
   -0.1256175694    -0.0021995682    -0.2488363030     0.8626085739
   -0.1250981079    -0.0076139756    -0.2428394980     0.8491930923
   -0.1179579000    -0.0135554591    -0.2362726380     0.8371104818
   -0.1042120933    -0.0195601924    -0.2296133253     0.8266625108
   -0.0843548701    -0.0250782052    -0.2234606075     0.8181434835
   -0.0593635642    -0.0295424649    -0.2184571605     0.8118258406
   -0.0306577982    -0.0324532156    -0.2151825561     0.8079347388
   -0.0000002496    -0.0334647560    -0.2140423645     0.8066201102
    0.0306573065    -0.0324532321    -0.2151825227     0.8079347189
    0.0593630946    -0.0295424966    -0.2184570962     0.8118258014
    0.0843544361    -0.0250782497    -0.2234605169     0.8181434266
    0.1042117066    -0.0195602463    -0.2296132143     0.8266624382
    0.1179575696    -0.0135555183    -0.2362725134     0.8371103964
    0.1250978394    -0.0076140354    -0.2428393661     0.8491929976
    0.1256173641    -0.0021996239    -0.2488361691     0.8626084742
    0.1199286529     0.0023637481    -0.2539524305     0.8770402836
    0.1088050831     0.0059194868    -0.2580423418     0.8921118709
    0.0932382281     0.0084746959    -0.2611211845     0.9072944335
    0.0744380558     0.0100822751    -0.2632614757     0.9217951128
    0.0536042432     0.0106648225    -0.2646741098     0.9345359951
    0.0328320591     0.0095812256    -0.2652337804     0.9443525469
    0.0137742129     0.0059676884    -0.2655499673     0.9504555612
    0.0023486962    -0.0007018293    -0.2641248440     0.9528941935
    0.0000000000     0.0000000000    -0.2641248440     0.9528941935
    0.0000000000     0.0000000000    -0.2376201218     0.9236437849
   -0.0032955287     0.0146780418    -0.2376201218     0.9236437849
   -0.0200413641     0.0342899181    -0.2408270330     0.9196142717
   -0.0474719786     0.0432844271    -0.2409755893     0.9093962697
   -0.0760472201     0.0454485539    -0.2410741879     0.8929423082
   -0.1037266663     0.0431731707    -0.2404219702     0.8717323325
   -0.1277012482     0.0379104499    -0.2391867873     0.8478704398
   -0.1464424904     0.0301652559    -0.2370600182     0.8232516545
   -0.1586044869     0.0201807284    -0.2338897404     0.7992186377
   -0.1633148338     0.0082797221    -0.2295873405     0.7766165151
   -0.1600761314    -0.0049747604    -0.2242539422     0.7559905078
   -0.1488301883    -0.0187915763    -0.2181803318     0.7377442056
   -0.1299425422    -0.0322091898    -0.2118492963     0.7222225351
   -0.1042098373    -0.0441775119    -0.2058851069     0.7097406314
   -0.0728503155    -0.0536597073    -0.2009695588     0.7005825654
   -0.0374734950    -0.0597609017    -0.1977250001     0.6949824448
   -0.0000002960    -0.0618676748    -0.1965905694     0.6930972079
    0.0374729100    -0.0597609339    -0.1977249658     0.6949824148
    0.0728497511    -0.0536597699    -0.2009694930     0.7005825064
    0.1042093067    -0.0441776013    -0.2058850146     0.7097405453
    0.1299420575    -0.0322093007    -0.2118491839     0.7222224247
    0.1488297599    -0.0187917017    -0.2181802065     0.7377440749
    0.1600757675    -0.0049748919    -0.2242538107     0.7559903617
    0.1633145393     0.0082795937    -0.2295872083     0.7766163597
    0.1586042623     0.0201806123    -0.2338896115     0.7992184798
    0.1464423314     0.0301651599    -0.2370598947     0.8232515009
    0.1277011457     0.0379103788    -0.2391866696     0.8478702967
    0.1037266075     0.0431731252    -0.2404218575     0.8717322036
    0.0760471914     0.0454485309    -0.2410740788     0.8929421944
    0.0474719675     0.0432844206    -0.2409754824     0.9093961688
    0.0200413617     0.0342899214    -0.2408269274     0.9196141788
    0.0032955288     0.0146780475    -0.2376200170     0.9236436949
    0.0000000000     0.0000000000    -0.2376200170     0.9236436949
    0.0000000000     0.0000000000    -0.2088321839     0.8967518192
   -0.0042590594     0.0258755045    -0.2088321839     0.8967518192
   -0.0241747492     0.0570510219    -0.2121938518     0.8913072317
   -0.0557439196     0.0708004062    -0.2125367070     0.8773038546
   -0.0879275417     0.0729757803    -0.2133023771     0.8547792566
   -0.1183355658     0.0676236374    -0.2136091964     0.8260161435
   -0.1437694104     0.0571395807    -0.2135402387     0.7941365192
   -0.1626836913     0.0426787024    -0.2126377317     0.7618787073
   -0.1739121963     0.0249964021    -0.2106430876     0.7311046571
   -0.1769251438     0.0048868973    -0.2073869416     0.7028894288
   -0.1715908901    -0.0166529007    -0.2029246800     0.6778066202
   -0.1581506242    -0.0384343270    -0.1975269724     0.6561657292
   -0.1371516051    -0.0591219246    -0.1916788245     0.6381567908
   -0.1094578444    -0.0772967184    -0.1860255082     0.6239283088
   -0.0762750716    -0.0915582819    -0.1812848999     0.6136213474
   -0.0391653476    -0.1006847282    -0.1781216978     0.6073691498
   -0.0000002877    -0.1038285216    -0.1770098673     0.6052723967
    0.0391647775    -0.1006847728    -0.1781216624     0.6073691122
    0.0762745176    -0.0915583689    -0.1812848320     0.6136212733
    0.1094573171    -0.0772968439    -0.1860254132     0.6239282006
    0.1371511146    -0.0591220824    -0.1916787094     0.6381566518
    0.1581501799    -0.0384345088    -0.1975268449     0.6561655638
    0.1715905004    -0.0166530960    -0.2029245473     0.6778064344
    0.1769248151     0.0048867007    -0.2073868097     0.7028892296
    0.1739119323     0.0249962177    -0.2106429607     0.7311044528
    0.1626834916     0.0426785428    -0.2126376118     0.7618785068
    0.1437692699     0.0571394552    -0.2135401259     0.7941363304
    0.1183354751     0.0676235500    -0.2136090895     0.8260159721
    0.0879274889     0.0729757283    -0.2133022741     0.8547791041
    0.0557438928     0.0708003820    -0.2125366062     0.8773037182
    0.0241747393     0.0570510155    -0.2121937520     0.8913071054
    0.0042590578     0.0258755067    -0.2088320855     0.8967516963
    0.0000000000     0.0000000000    -0.2088320855     0.8967516963
    0.0000000000     0.0000000000    -0.1851653941     0.8723796601
   -0.0041924458     0.0405395209    -0.1851653941     0.8723796601
   -0.0245923591     0.0854650424    -0.1889254027     0.8658163693
   -0.0571037972     0.1043461886    -0.1898237503     0.8487414304
   -0.0898865971     0.1060674332    -0.1914933514     0.8213321275
   -0.1203302267     0.0967871831    -0.1929253462     0.7866888471
   -0.1451371502     0.0801496805    -0.1940876760     0.7489304983
   -0.1629310555     0.0582125066    -0.1943945575     0.7115857007
   -0.1728455053     0.0323919152    -0.1935004335     0.6769423300
   -0.1746841092     0.0039795351    -0.1911817196     0.6461620952
   -0.1685646849    -0.0256726988    -0.1874690780     0.6196616463
   -0.1548410192    -0.0551084925    -0.1826273567     0.5974583581
   -0.1340369364    -0.0827440539    -0.1771513929     0.5794137346
   -0.1069014990    -0.1068743710    -0.1717123042     0.5653889580
   -0.0744955117    -0.1257627543    -0.1670694308     0.5553239560
   -0.0382608695    -0.1378441324    -0.1639368067     0.5492434137
   -0.0000002467    -0.1420063390    -0.1628297439     0.5472067115
    0.0382603799    -0.1378441861    -0.1639367696     0.5492433694
    0.0744950336    -0.1257628596    -0.1670693597     0.5553238690
    0.1069010398    -0.1068745237    -0.1717122050     0.5653888314
    0.1340365035    -0.0827442475    -0.1771512730     0.5794135726
    0.1548406197    -0.0551087181    -0.1826272244     0.5974581657
    0.1685643257    -0.0256729453    -0.1874689411     0.6196614298
    0.1746837966     0.0039792817    -0.1911815845     0.6461618623
    0.1728452443     0.0323916709    -0.1935003051     0.6769420895
    0.1629308485     0.0582122879    -0.1943944380     0.7115854627
    0.1451369959     0.0801495011    -0.1940875656     0.7489302722
    0.1203301201     0.0967870504    -0.1929252432     0.7866886395
    0.0898865298     0.1060673465    -0.1914932534     0.8213319408
    0.0571037599     0.1043461396    -0.1898236552     0.8487412618
    0.0245923440     0.0854650199    -0.1889253086     0.8658162120
    0.0041924431     0.0405395155    -0.1851653021     0.8723795064
    0.0000000000     0.0000000000    -0.1851653021     0.8723795064
    0.0000000000     0.0000000000    -0.1642672934     0.8505013787
   -0.0036244032     0.0538659904    -0.1642672934     0.8505013787
   -0.0224306993     0.1121018977    -0.1679309937     0.8432163065
   -0.0530309833     0.1359625652    -0.1693392462     0.8240662641
   -0.0840345173     0.1369612583    -0.1718417819     0.7933715527
   -0.1126919474     0.1234286739    -0.1743372235     0.7549420446
   -0.1357767799     0.1004318138    -0.1766312508     0.7137511535
   -0.1520927401     0.0710707178    -0.1780268316     0.6739732059
   -0.1610206703     0.0374577351    -0.1781070562     0.6381686173
   -0.1625598955     0.0013107268    -0.1766136879     0.6074136568
   -0.1569053295    -0.0357968344    -0.1735624000     0.5817937332
   -0.1443535088    -0.0722789479    -0.1692131532     0.5608941862
   -0.1252693205    -0.1064010921    -0.1640650019     0.5441775879
   -0.1001972872    -0.1362075395    -0.1588080543     0.5312331982
   -0.0700097330    -0.1595997497    -0.1542389211     0.5218905151
   -0.0360242601    -0.1746058209    -0.1511208876     0.5161941451
   -0.0000001874    -0.1797852032    -0.1500128346     0.5142736458
    0.0360238877    -0.1746058808    -0.1511208490     0.5161940936
    0.0700093677    -0.1595998674    -0.1542388472     0.5218904145
    0.1001969339    -0.1362077105    -0.1588079511     0.5312330528
    0.1252689838    -0.1064013099    -0.1640648775     0.5441774033
    0.1443531932    -0.0722792036    -0.1692130160     0.5608939688
    0.1569050399    -0.0357971167    -0.1735622583     0.5817934900
    0.1625596367     0.0013104320    -0.1766135487     0.6074133957
    0.1610204471     0.0374574452    -0.1781069247     0.6381683473
    0.1520925562     0.0710704515    -0.1780267106     0.6739729372
    0.1357766369     0.1004315882    -0.1766311407     0.7137508961
    0.1126918438     0.1234284998    -0.1743371227     0.7549418061
    0.0840344489     0.1369611371    -0.1718416875     0.7933713359
    0.0530309438     0.1359624892    -0.1693391557     0.8240660662
    0.0224306829     0.1121018559    -0.1679309048     0.8432161203
    0.0036244002     0.0538659755    -0.1642672068     0.8505011961
    0.0000000000     0.0000000000    -0.1642672068     0.8505011961
    0.0000000000     0.0000000000    -0.1462351142     0.8310143765
   -0.0026632656     0.0654082426    -0.1462351142     0.8310143765
   -0.0183253238     0.1361328537    -0.1495785577     0.8234391107
   -0.0449483876     0.1650417622    -0.1514681795     0.8033151415
   -0.0725334696     0.1656299808    -0.1546831997     0.7710522509
   -0.0982944370     0.1482250365    -0.1580971282     0.7309542025
   -0.1191735108     0.1193736612    -0.1613426544     0.6886015828
   -0.1340760371     0.0832697018    -0.1636439836     0.6485988472
   -0.1425043192     0.0426964004    -0.1645328173     0.6136012067
   -0.1444949400    -0.0002986951    -0.1637324062     0.5844526718
   -0.1401827502    -0.0440403215    -0.1612475364     0.5608039055
   -0.1297116181    -0.0869119390    -0.1573293603     0.5417716964
   -0.1132381162    -0.1270804827    -0.1524721963     0.5264674530
   -0.0910858293    -0.1623361634    -0.1473756117     0.5143402843
   -0.0639399167    -0.1901652395    -0.1428665525     0.5053027216
   -0.0330021808    -0.2081068751    -0.1397547239     0.4996290113
   -0.0000001191    -0.2143171977    -0.1386427158     0.4976833363
    0.0330019436    -0.2081069385    -0.1397546844     0.4996289512
    0.0639396827    -0.1901653641    -0.1428664769     0.5053026047
    0.0910856006    -0.1623363448    -0.1473755061     0.5143401169
    0.1132378953    -0.1270807143    -0.1524720690     0.5264672429
    0.1297114074    -0.0869122120    -0.1573292199     0.5417714519
    0.1401825524    -0.0440406249    -0.1612473914     0.5608036349
    0.1444947582    -0.0002990150    -0.1637322640     0.5844523833
    0.1425041572     0.0426960812    -0.1645326834     0.6136009094
    0.1340758987     0.0832694030    -0.1636438611     0.6485985510
    0.1191733990     0.1193734016    -0.1613425441     0.6886012976
    0.0982943532     0.1482248296    -0.1580970287     0.7309539362
    0.0725334127     0.1656298301    -0.1546831080     0.7710520065
    0.0449483544     0.1650416617    -0.1514680927     0.8033149164
    0.0183253103     0.1361327937    -0.1495784731     0.8234388974
    0.0026632634     0.0654082186    -0.1462350318     0.8310141666
    0.0000000000     0.0000000000    -0.1462350318     0.8310141666
    0.0000000000     0.0000000000    -0.1300914788     0.8137687124
   -0.0015521460     0.0740611403    -0.1300914788     0.8137687124
   -0.0131462541     0.1556292110    -0.1328823175     0.8063033969
   -0.0344075567     0.1896242636    -0.1351261158     0.7862417396
   -0.0574759668     0.1904845015    -0.1388466121     0.7539937712
   -0.0796475573     0.1700861194    -0.1429586934     0.7140786305
   -0.0980881377     0.1363527054    -0.1469265214     0.6723764622
   -0.1117000537     0.0945332220    -0.1499251872     0.6336790563
   -0.1199743246     0.0480290812    -0.1514492673     0.6005811622
   -0.1228596664    -0.0008586934    -0.1512122173     0.5736171620
   -0.1203549444    -0.0504248435    -0.1492075434     0.5519953958
   -0.1124260988    -0.0990716158    -0.1456719058     0.5344224909
   -0.0990308184    -0.1448857226    -0.1410854166     0.5197784758
   -0.0802914218    -0.1853870097    -0.1361461985     0.5075447855
   -0.0567178687    -0.2175950616    -0.1317015557     0.4979248399
   -0.0293936846    -0.2384849870    -0.1286007141     0.4916323803
   -0.0000000478    -0.2457400335    -0.1274866309     0.4894273482
    0.0293935886    -0.2384850512    -0.1286006747     0.4916323104
    0.0567177716    -0.2175951879    -0.1317014802     0.4979247047
    0.0802913235    -0.1853871941    -0.1361460933     0.5075445933
    0.0990307194    -0.1448859586    -0.1410852896     0.5197782368
    0.1124260001    -0.0990718948    -0.1456717657     0.5344222160
    0.1203548470    -0.0504251550    -0.1492073987     0.5519950950
    0.1228595721    -0.0008590241    -0.1512120752     0.5736168446
    0.1199742358     0.0480287479    -0.1514491334     0.6005808373
    0.1116999737     0.0945329055    -0.1499250650     0.6336787334
    0.0980880701     0.1363524254    -0.1469264120     0.6723761507
    0.0796475050     0.1700858908    -0.1429585956     0.7140783381
    0.0574759309     0.1904843297    -0.1388465231     0.7539935010
    0.0344075362     0.1896241447    -0.1351260326     0.7862414888
    0.0131462465     0.1556291375    -0.1328822369     0.8063031580
    0.0015521450     0.0740611101    -0.1300913999     0.8137684768
    0.0000000000     0.0000000000    -0.1300913999     0.8137684768
    0.0000000000     0.0000000000    -0.1150630562     0.7985875952
   -0.0004566927     0.0795421422    -0.1150630562     0.7985875952
   -0.0075990840     0.1698322787    -0.1171589694     0.7915548497
   -0.0227271383     0.2088898070    -0.1196069680     0.7724121205
   -0.0405883421     0.2109521792    -0.1236136469     0.7414739180
   -0.0587078007     0.1888008780    -0.1281964551     0.7031877641
   -0.0745262464     0.1514865505    -0.1326688202     0.6634195698
   -0.0868655373     0.1052017991    -0.1361809373     0.6269218084
   -0.0951077498     0.0539095486    -0.1381988527     0.5961246465
   -0.0990392646     0.0001270068    -0.1384289978     0.5712529945
   -0.0984976675    -0.0544321069    -0.1368508686     0.5511425898
   -0.0932855466    -0.1082019614    -0.1336809244     0.5341982280
   -0.0831934298    -0.1591960892    -0.1293761845     0.5191974840
   -0.0681681640    -0.2046578409    -0.1246216409     0.5057994674
   -0.0485512525    -0.2411089928    -0.1202721651     0.4946602938
   -0.0252936504    -0.2649048698    -0.1172054643     0.4870981607
    0.0000000222    -0.2731987025    -0.1160978076     0.4843998307
    0.0252936927    -0.2649049317    -0.1172054264     0.4870980814
    0.0485512889    -0.2411091153    -0.1202720924     0.4946601406
    0.0681681923    -0.2046580208    -0.1246215396     0.5057992501
    0.0831934491    -0.1591963207    -0.1293760621     0.5191972152
    0.0932855568    -0.1082022363    -0.1336807894     0.5341979210
    0.0984976690    -0.0544324149    -0.1368507289     0.5511422570
    0.0990392580     0.0001266782    -0.1384288604     0.5712526465
    0.0951077367     0.0539092148    -0.1381987231     0.5961242930
    0.0868655202     0.1052014789    -0.1361808190     0.6269214586
    0.0745262286     0.1514862634    -0.1326687145     0.6634192327
    0.0587077856     0.1888006397    -0.1281963611     0.7031874467
    0.0405883322     0.2109519967    -0.1236135620     0.7414736233
    0.0227271340     0.2088896785    -0.1196068891     0.7724118456
    0.0075990837     0.1698321987    -0.1171588934     0.7915545867
    0.0004566932     0.0795421097    -0.1150629810     0.7985873354
    0.0000000000     0.0000000000    -0.1150629810     0.7985873354
    0.0000000000     0.0000000000    -0.1003794986     0.7852776289
    0.0005003579     0.0818538772    -0.1003794986     0.7852776289
   -0.0022497281     0.1783897859    -0.1017051677     0.7789026495
   -0.0109837935     0.2223014573    -0.1041973235     0.7613027235
   -0.0232606801     0.2265402824    -0.1082757894     0.7326205881
   -0.0370000354     0.2040377486    -0.1131084184     0.6969835729
   -0.0499864594     0.1646013677    -0.1178840956     0.6599679225
   -0.0609374549     0.1151954584    -0.1217460796     0.6261020239
   -0.0690783096     0.0602882013    -0.1241365049     0.5975985826
   -0.0740028040     0.0026104965    -0.1247542383     0.5744261466
   -0.0753892169    -0.0560993161    -0.1235620088     0.5551530696
   -0.0729016595    -0.1142994203    -0.1207520441     0.5379932195
   -0.0661931334    -0.1699374529    -0.1167514144     0.5217186673
   -0.0550542938    -0.2199893270    -0.1122210876     0.5062571987
   -0.0396595369    -0.2604682788    -0.1080095762     0.4928213095
   -0.0208097885    -0.2870721681    -0.1050093279     0.4834523679
    0.0000000872    -0.2963789422    -0.1039200530     0.4800676372
    0.0208099589    -0.2870722244    -0.1050092930     0.4834522812
    0.0396596962    -0.2604683914    -0.1080095092     0.4928211414
    0.0550544376    -0.2199894946    -0.1122209941     0.5062569597
    0.0661932598    -0.1699376711    -0.1167513015     0.5217183714
    0.0729017680    -0.1142996817    -0.1207519193     0.5379928822
    0.0753893078    -0.0560996109    -0.1235618796     0.5551527055
    0.0740028776     0.0026101803    -0.1247541110     0.5744257682
    0.0690783669     0.0602878783    -0.1241363847     0.5975982004
    0.0609374976     0.1151951464    -0.1217459697     0.6261016473
    0.0499864903     0.1646010855    -0.1178839974     0.6599675601
    0.0370000577     0.2040375121    -0.1131083313     0.6969832315
    0.0232606967     0.2265401000    -0.1082757110     0.7326202700
    0.0109838054     0.2223013289    -0.1041972507     0.7613024257
    0.0022497347     0.1783897074    -0.1017050975     0.7789023639
   -0.0005003561     0.0818538469    -0.1003794283     0.7852773465
    0.0000000000     0.0000000000    -0.1003794283     0.7852773465
    0.0000000000     0.0000000000    -0.0854351156     0.7736346839
    0.0012514818     0.0813009192    -0.0854351156     0.7736346839
    0.0025039896     0.1814299394    -0.0859831508     0.7680478493
    0.0000028022     0.2297286800    -0.0883715013     0.7523788991
   -0.0065763141     0.2369982841    -0.0923313914     0.7265570734
   -0.0157140960     0.2155523081    -0.0972136762     0.6942087368
   -0.0256307369     0.1755043442    -0.1021154141     0.6604094212
   -0.0349749240     0.1243666193    -0.1061865972     0.6293269743
   -0.0428163962     0.0670465467    -0.1088483153     0.6029366770
   -0.0485576859     0.0065018313    -0.1097897074     0.5810210475
   -0.0517286206    -0.0554707168    -0.1089543373     0.5619832460
   -0.0518733906    -0.1173379548    -0.1065075288     0.5439319619
   -0.0485258885    -0.1769936326    -0.1028412965     0.5256887943
   -0.0413327064    -0.2311681392    -0.0985827998     0.5074934882
   -0.0303024350    -0.2753718908    -0.0945600137     0.4911763094
   -0.0160728531    -0.3046242592    -0.0916647269     0.4795903578
    0.0000001440    -0.3148958654    -0.0906081659     0.4753701975
    0.0160731351    -0.3046243061    -0.0916646964     0.4795902676
    0.0303027004    -0.2753719869    -0.0945599553     0.4911761332
    0.0413329485    -0.2311682864    -0.0985827182     0.5074932351
    0.0485261049    -0.1769938291    -0.1028411978     0.5256884783
    0.0518735811    -0.1173381943    -0.1065074196     0.5439315999
    0.0517287858    -0.0554709901    -0.1089542242     0.5619828546
    0.0485578264     0.0065015360    -0.1097895958     0.5810206412
    0.0428165128     0.0670462437    -0.1088482098     0.6029362679
    0.0349750178     0.1243663253    -0.1061865007     0.6293265724
    0.0256308100     0.1755040774    -0.1021153278     0.6604090352
    0.0157141509     0.2155520841    -0.0972135995     0.6942083729
    0.0065763535     0.2369981122    -0.0923313222     0.7265567337
   -0.0000027767     0.2297285612    -0.0883714368     0.7523785800
   -0.0025039776     0.1814298700    -0.0859830884     0.7680475425
   -0.0012514794     0.0813008946    -0.0854350520     0.7736343804
    0.0000000000     0.0000000000    -0.0854350520     0.7736343804
    0.0000000000     0.0000000000    -0.0697941338     0.7634434568
    0.0017736813     0.0783535589    -0.0697941338     0.7634434568
    0.0064164475     0.1794130532    -0.0696140394     0.7586983399
    0.0096445672     0.2313414778    -0.0717748048     0.7451430264
    0.0086313911     0.2422447842    -0.0754566964     0.7224880162
    0.0041942742     0.2231323120    -0.0802104514     0.6937561301
   -0.0024264774     0.1839388783    -0.0850789911     0.6633842770
   -0.0098958371     0.1324573778    -0.0892312994     0.6350869373
   -0.0171700191     0.0739439522    -0.0920710139     0.6105940266
   -0.0234831743     0.0115895373    -0.0932754540     0.5895612470
   -0.0282281554    -0.0527168064    -0.0927672991     0.5703036760
   -0.0308373689    -0.1174348298    -0.0906834169     0.5508790462
   -0.0307335945    -0.1804177654    -0.0873773339     0.5301815897
   -0.0274283491    -0.2381767324    -0.0834343430     0.5087780068
   -0.0207704935    -0.2857342400    -0.0796487408     0.4891544537
   -0.0112296650    -0.3174245369    -0.0768961403     0.4750458001
    0.0000001901    -0.3285936930    -0.0758865228     0.4698776561
    0.0112300370    -0.3174245705    -0.0768961157     0.4750457118
    0.0207708432    -0.2857343129    -0.0796486936     0.4891542787
    0.0274286680    -0.2381768513    -0.0834342768     0.5087777508
    0.0307338796    -0.1804179321    -0.0873772536     0.5301812646
    0.0308376208    -0.1174350402    -0.0906833279     0.5508786686
    0.0282283757    -0.0527170514    -0.0927672067     0.5703032645
    0.0234833644     0.0115892695    -0.0932753629     0.5895608182
    0.0171701797     0.0739436759    -0.0920709277     0.6105935946
    0.0098959690     0.1324571092    -0.0892312205     0.6350865134
    0.0024265818     0.1839386350    -0.0850789204     0.6633838700
   -0.0041941953     0.2231321093    -0.0802103884     0.6937557463
   -0.0086313357     0.2422446314    -0.0754566391     0.7224876570
   -0.0096445330     0.2313413765    -0.0717747507     0.7451426881
   -0.0064164327     0.1794129985    -0.0696139866     0.7586980140
   -0.0017736787     0.0783535423    -0.0697940791     0.7634431344
    0.0000000000     0.0000000000    -0.0697940791     0.7634431344
    0.0000000000     0.0000000000    -0.0531947042     0.7544687549
    0.0020778815     0.0735670548    -0.0531947042     0.7544687549
    0.0093760573     0.1730476573    -0.0523801490     0.7505688595
    0.0175658717     0.2275823281    -0.0542228042     0.7391534809
    0.0217517132     0.2423919298    -0.0575041306     0.7197364183
    0.0219618023     0.2266557255    -0.0619767328     0.6947074281
    0.0188009861     0.1896607635    -0.0666697467     0.6677968769
    0.0134722121     0.1391831457    -0.0707841315     0.6422093180
    0.0070607774     0.0807018485    -0.0737121785     0.6194199857
    0.0004617012     0.0176221782    -0.0751185805     0.5989919580
   -0.0055934986    -0.0480546408    -0.0749040954     0.5791982061
   -0.0104272311    -0.1147690464    -0.0731761311     0.5580742501
   -0.0133540568    -0.1803442794    -0.0702473990     0.5345936461
   -0.0137605798    -0.2410957464    -0.0666549676     0.5096541583
   -0.0113489396    -0.2915777758    -0.0631480253     0.4864240714
   -0.0064238836    -0.3254478763    -0.0605715145     0.4695735788
    0.0000002237    -0.3374286404    -0.0596216421     0.4633762200
    0.0064243206    -0.3254478927    -0.0605714969     0.4695734992
    0.0113493488    -0.2915778189    -0.0631479911     0.4864239094
    0.0137609507    -0.2410958292    -0.0666549193     0.5096539134
    0.0133543866    -0.1803444091    -0.0702473401     0.5345933255
    0.0104275214    -0.1147692213    -0.0731760656     0.5580738691
    0.0055937524    -0.0480548523    -0.0749040273     0.5791977842
   -0.0004614817     0.0176219426    -0.0751185134     0.5989915143
   -0.0070605909     0.0807016035    -0.0737121150     0.6194195368
   -0.0134720581     0.1391829078    -0.0707840734     0.6422088766
   -0.0188008640     0.1896605496    -0.0666696945     0.6677964529
   -0.0219617107     0.2266555505    -0.0619766858     0.6947070276
   -0.0217516502     0.2423918026    -0.0575040872     0.7197360426
   -0.0175658344     0.2275822497    -0.0542227623     0.7391531258
   -0.0093760423     0.1730476205    -0.0523801074     0.7505685167
   -0.0020778793     0.0735670468    -0.0531946603     0.7544684160
    0.0000000000     0.0000000000    -0.0531946603     0.7544684160
    0.0000000000     0.0000000000    -0.0355260825     0.7464359277
    0.0021969401     0.0675069500    -0.0355260825     0.7464359277
    0.0113824120     0.1631950688    -0.0341995359     0.7433648380
    0.0235870147     0.2191195687    -0.0356718212     0.7340173925
    0.0323885858     0.2377523697    -0.0384712691     0.7177435318
    0.0370139097     0.2261284052    -0.0425406979     0.6963278319
    0.0373674731     0.1924821228    -0.0469347762     0.6727862972
    0.0343967980     0.1442655151    -0.0509007128     0.6497875844
    0.0291388418     0.0870172472    -0.0538289064     0.6285378303
    0.0225649239     0.0243019323    -0.0553728562     0.6085154681
    0.0155127474    -0.0417699805    -0.0554113059     0.5879700458
    0.0087673377    -0.1096134926    -0.0540215849     0.5649278332
    0.0031183142    -0.1770263702    -0.0514741135     0.5384448012
   -0.0007106547    -0.2401442475    -0.0482531999     0.5097536764
   -0.0022950913    -0.2930751658    -0.0450539626     0.4827230505
   -0.0017845944    -0.3288243975    -0.0426784876     0.4629917159
    0.0000002436    -0.3415133498    -0.0417981765     0.4557142223
    0.0017850694    -0.3288243929    -0.0426784774     0.4629916527
    0.0022955334    -0.2930751728    -0.0450539425     0.4827229147
    0.0007110519    -0.2401442871    -0.0482531709     0.5097534586
   -0.0031179647    -0.1770264564    -0.0514740775     0.5384445013
   -0.0087670330    -0.1096136270    -0.0540215445     0.5649274632
   -0.0155124828    -0.0417701548    -0.0554112638     0.5879696255
   -0.0225646959     0.0243017317    -0.0553728148     0.6085150193
   -0.0291386487     0.0870170364    -0.0538288674     0.6285373721
   -0.0343966392     0.1442653109    -0.0509006770     0.6497871318
   -0.0373673482     0.1924819419    -0.0469347438     0.6727858612
   -0.0370138176     0.2261282616    -0.0425406680     0.6963274188
   -0.0323885243     0.2377522714    -0.0384712405     0.7177431428
   -0.0235869801     0.2191195152    -0.0356717926     0.7340170236
   -0.0113823993     0.1631950502    -0.0341995067     0.7433644814
   -0.0021969386     0.0675069496    -0.0355260509     0.7464355755
    0.0000000000     0.0000000000    -0.0355260509     0.7464355755
    0.0000000000     0.0000000000    -0.0167979170     0.7389985186
    0.0021747904     0.0606946194    -0.0167979170     0.7389985186
    0.0125209441     0.1507793068    -0.0150946071     0.7367490486
    0.0277068831     0.2067912705    -0.0161831998     0.7293591309
    0.0403636254     0.2288358716    -0.0184633974     0.7160392670
    0.0489867463     0.2217169455    -0.0220449934     0.6980324408
    0.0527659876     0.1923161829    -0.0260420778     0.6776789799
    0.0522859106     0.1474710319    -0.0297625716     0.6571126253
    0.0484408317     0.0925883754    -0.0326074238     0.6372542466
    0.0422149142     0.0312992092    -0.0342230543     0.6174861910
    0.0345237805    -0.0342066085    -0.0344673852     0.5960343158
    0.0262493570    -0.1023206594    -0.0333874997     0.5709217989
    0.0182743071    -0.1708132194    -0.0312107561     0.5412946175
    0.0114108523    -0.2356473148    -0.0283659766     0.5087289297
    0.0061836867    -0.2905092011    -0.0254881888     0.4778032112
    0.0025847333    -0.3277949604    -0.0233277547     0.4551325304
    0.0000002498    -0.3410710336    -0.0225228454     0.4467553503
   -0.0025842475    -0.3277949317    -0.0233277519     0.4551324914
   -0.0061832380    -0.2905091664    -0.0254881827     0.4778031156
   -0.0114104540    -0.2356473050    -0.0283659668     0.5087287560
   -0.0182739620    -0.1708132567    -0.0312107430     0.5412943556
   -0.0262490609    -0.1023207495    -0.0333874844     0.5709214555
   -0.0345235270    -0.0342067433    -0.0344673690     0.5960339105
   -0.0422146983     0.0312990450    -0.0342230384     0.6174857479
   -0.0484406508     0.0925881995    -0.0326074089     0.6372537879
   -0.0522857638     0.1474708622    -0.0297625579     0.6571121688
   -0.0527658743     0.1923160358    -0.0260420649     0.6776785377
   -0.0489866651     0.2217168340    -0.0220449806     0.6980320199
   -0.0403635736     0.2288358022    -0.0184633838     0.7160388689
   -0.0277068560     0.2067912406    -0.0161831847     0.7293587520
   -0.0125209353     0.1507793039    -0.0150945908     0.7367486822
   -0.0021747896     0.0606946249    -0.0167978986     0.7389981576
    0.0000000000     0.0000000000    -0.0167978986     0.7389981576
    0.0000000000     0.0000000000     0.0028929799     0.7316935756
    0.0020574714     0.0535702295     0.0028929799     0.7316935756
    0.0129348198     0.1367022068     0.0048399883     0.7302914268
    0.0300765385     0.1915323462     0.0041137568     0.7247655535
    0.0457125635     0.2163203779     0.0023474179     0.7141857866
    0.0577501725     0.2137583343    -0.0007040702     0.6993286213
    0.0647107111     0.1892052385    -0.0042388332     0.6819278095
    0.0667437968     0.1486391160    -0.0076379175     0.6636067939
    0.0645163277     0.0971332114    -0.0103267278     0.6449897268
    0.0589565415     0.0382613900    -0.0119511196     0.6253424333
    0.0510176768    -0.0257625698    -0.0123508688     0.6028577256
    0.0416548758    -0.0933180865    -0.0115433177     0.5755624137
    0.0318209791    -0.1621409683    -0.0097127396     0.5427089126
    0.0223861711    -0.2280220344    -0.0072315992     0.5062307708
    0.0139439468    -0.2842556037    -0.0046721185     0.4714147702
    0.0066129438    -0.3226928833    -0.0027282011     0.4458296108
    0.0000002430    -0.3364170712    -0.0019998909     0.4363660823
   -0.0066124726    -0.3226928277    -0.0027282053     0.4458296036
   -0.0139435158    -0.2842555229    -0.0046721256     0.4714147283
   -0.0223857946    -0.2280219703    -0.0072316073     0.5062306581
   -0.0318206598    -0.1621409524    -0.0097127477     0.5427087063
   -0.0416546085    -0.0933181294    -0.0115433255     0.5755621134
   -0.0510174535    -0.0257626638    -0.0123508765     0.6028573496
   -0.0589563558     0.0382612621    -0.0119511272     0.6253420078
   -0.0645161757     0.0971330696    -0.0103267351     0.6449892775
   -0.0667436766     0.1486389794    -0.0076379240     0.6636063413
   -0.0647106215     0.1892051234    -0.0042388382     0.6819273677
   -0.0577501116     0.2137582524    -0.0007040732     0.6993281982
   -0.0457125276     0.2163203339     0.0023474175     0.7141853844
   -0.0300765219     0.1915323354     0.0041137587     0.7247651697
   -0.0129348156     0.1367022151     0.0048399919     0.7302910560
   -0.0020574715     0.0535702383     0.0028929848     0.7316932113
    0.0000000000     0.0000000000     0.0028929848     0.7316932113
    0.0000000000     0.0000000000     0.0233921479     0.7238897467
    0.0018865816     0.0464735763     0.0233921479     0.7238897467
    0.0127956544     0.1217724245     0.0254638479     0.7234066044
    0.0309597593     0.1742920543     0.0250526807     0.7197114154
    0.0486620727     0.2009978679     0.0237583047     0.7116960783
    0.0634116390     0.2027432116     0.0212365106     0.6997338983
    0.0731661299     0.1833301124     0.0181917337     0.6850334294
    0.0776162678     0.1477023475     0.0151617224     0.6687509319
    0.0771389669     0.1004102553     0.0126834448     0.6512131677
    0.0725398251     0.0448310122     0.0111037275     0.6315509239
    0.0647587716    -0.0168723693     0.0105970001     0.6079154813
    0.0547851498    -0.0830869418     0.0111744159     0.5783507024
    0.0436047806    -0.1515049415     0.0126940739     0.5422426495
    0.0321056582    -0.2177433516     0.0148389843     0.5019002255
    0.0209152704    -0.2747446444     0.0170990936     0.4633022946
    0.0102654093    -0.3139037678     0.0188372183     0.4349147142
    0.0000002245    -0.3279184558     0.0194923395     0.4244125136
   -0.0102649754    -0.3139036839     0.0188372080     0.4349147454
   -0.0209148779    -0.2747445148     0.0170990752     0.4633023184
   -0.0321053223    -0.2177432299     0.0148389607     0.5019001894
   -0.0436045042    -0.1515048696     0.0126940475     0.5422425155
   -0.0547849271    -0.0830869359     0.0111743882     0.5783504614
   -0.0647585934    -0.0168724224     0.0105969720     0.6079151491
   -0.0725396833     0.0448309193     0.0111036999     0.6315505286
   -0.0771388562     0.1004101451     0.0126834186     0.6512127382
   -0.0776161850     0.1477022403     0.0151616986     0.6687504919
   -0.0731660726     0.1833300246     0.0181917132     0.6850329953
   -0.0634116042     0.2027431539     0.0212364937     0.6997334794
   -0.0486620560     0.2009978429     0.0237582914     0.7116956782
   -0.0309597544     0.1742920559     0.0250526703     0.7197110330
   -0.0127956548     0.1217724385     0.0254638391     0.7234062358
   -0.0018865823     0.0464735857     0.0233921396     0.7238893861
    0.0000000000     0.0000000000     0.0233921396     0.7238893861
    0.0000000000     0.0000000000     0.0445096257     0.7147397028
    0.0016951960     0.0396411966     0.0445096257     0.7147397028
    0.0122758665     0.1066563748     0.0466086129     0.7152907353
    0.0306823525     0.1559541968     0.0464505869     0.7134751120
    0.0495815787     0.1837021434     0.0455607437     0.7079343348
    0.0662876174     0.1892728496     0.0435315696     0.6986715843
    0.0783427401     0.1749967233     0.0409672637     0.6864447034
    0.0850054444     0.1446929397     0.0383218973     0.6719958781
    0.0863310748     0.1022349388     0.0360844858     0.6553675507
    0.0829458129     0.0506663452     0.0345868039     0.6355479540
    0.0757190035    -0.0079836416     0.0340130004     0.6106481987
    0.0656209904    -0.0721350851     0.0344010085     0.5787544064
    0.0536191652    -0.1394284990     0.0356500539     0.5394246310
    0.0405705710    -0.2053096834     0.0374962785     0.4953620198
    0.0271005781    -0.2624255330     0.0394881258     0.4532026710
    0.0135437291    -0.3018301493     0.0410411417     0.4222170001
    0.0000001964    -0.3159587708     0.0416303355     0.4107596850
   -0.0135433511    -0.3018300370     0.0410411266     0.4222170747
   -0.0271002406    -0.2624253540     0.0394880983     0.4532027701
   -0.0405702896    -0.2053095030     0.0374962427     0.4953620731
   -0.0536189433    -0.1394283699     0.0356500132     0.5394245841
   -0.0656208223    -0.0721350299     0.0344009653     0.5787542397
   -0.0757188791    -0.0079836547     0.0340129564     0.6106479245
   -0.0829457229     0.0506662849     0.0345867607     0.6355476015
   -0.0863310122     0.1022348561     0.0360844448     0.6553671520
   -0.0850054045     0.1446928566     0.0383218598     0.6719954602
   -0.0783427190     0.1749966563     0.0409672306     0.6864442853
   -0.0662876109     0.1892728083     0.0435315411     0.6986711773
   -0.0495815815     0.1837021292     0.0455607192     0.7079339443
   -0.0306823588     0.1559542032     0.0464505652     0.7134747388
   -0.0122758709     0.1066563886     0.0466085926     0.7152903770
   -0.0016951971     0.0396412044     0.0445096050     0.7147393541
    0.0000000000     0.0000000000     0.0445096050     0.7147393541
    0.0000000000     0.0000000000     0.0660329941     0.7031545456
    0.0015059647     0.0332170311     0.0660329941     0.7031545456
    0.0115258764     0.0918564847     0.0680862566     0.7048771354
    0.0295775484     0.1372744952     0.0681163614     0.7050648382
    0.0489149631     0.1652327000     0.0675516800     0.7020154995
    0.0668414147     0.1739978150     0.0659529653     0.6953561899
    0.0806522850     0.1646013553     0.0638291819     0.6854441403
    0.0892433732     0.1397330553     0.0615535446     0.6726586013
    0.0923504242     0.1024880874     0.0595608854     0.6567827228
    0.0903794990     0.0554614587     0.0581618030     0.6366709973
    0.0840714015     0.0004704329     0.0575461516     0.6104122835
    0.0743140547    -0.0609641093     0.0577770573     0.5761755487
    0.0619937410    -0.1264263881     0.0587935466     0.5337392664
    0.0478820103    -0.1912046648     0.0603816524     0.4862163656
    0.0325672797    -0.2477285406     0.0621423872     0.4408424990
    0.0164808880    -0.2868548212     0.0635367067     0.4075626957
    0.0000001609    -0.3009021201     0.0640695650     0.3952717610
   -0.0164805797    -0.2868546818     0.0635366882     0.4075628165
   -0.0325670085    -0.2477283141     0.0621423533     0.4408426792
   -0.0478817916    -0.1912044273     0.0603816081     0.4862165173
   -0.0619935790    -0.1264262029     0.0587934960     0.5337393182
   -0.0743139445    -0.0609640059     0.0577770034     0.5761754695
   -0.0840713331     0.0004704580     0.0575460967     0.6104120805
   -0.0903794621     0.0554614277     0.0581617488     0.6366707000
   -0.0923504104     0.1024880273     0.0595608338     0.6567823661
   -0.0892433760     0.1397329897     0.0615534970     0.6726582155
   -0.0806522990     0.1646013011     0.0638291391     0.6854437471
   -0.0668414347     0.1739977812     0.0659529273     0.6953558033
   -0.0489149835     0.1652326877     0.0675516459     0.7020151271
   -0.0295775641     0.1372744985     0.0681163297     0.7050644827
   -0.0115258840     0.0918564932     0.0680862259     0.7048767959
   -0.0015059661     0.0332170354     0.0660329624     0.7031542168
    0.0000000000     0.0000000000     0.0660329624     0.7031542168
    0.0000000000     0.0000000000     0.0877316886     0.6878205391
    0.0013309704     0.0272727121     0.0877316886     0.6878205391
    0.0106586894     0.0777168825     0.0896891783     0.6908352693
    0.0279373375     0.1188459970     0.0898487966     0.6931840209
    0.0471052636     0.1462906242     0.0895312419     0.6927334682
    0.0655983304     0.1575512875     0.0882901321     0.6886943186
    0.0806286373     0.1525811148     0.0865480910     0.6810376935
    0.0908257997     0.1330093575     0.0846038583     0.6698158192
    0.0956370240     0.1011127400     0.0828359335     0.6545828137
    0.0952260627     0.0589599813     0.0815300985     0.6340848000
    0.0901518123     0.0080962542     0.0808792852     0.6064257962
    0.0811518190    -0.0500376187     0.0809710423     0.5699146622
    0.0689626080    -0.1129705004     0.0817833595     0.5246059740
    0.0542144501    -0.1758637004     0.0831487758     0.4740292402
    0.0374282609    -0.2310342360     0.0847138832     0.4259348756
    0.0191313637    -0.2693127122     0.0859760010     0.3907749710
    0.0000001206    -0.2830660657     0.0864623549     0.3778127662
   -0.0191311337    -0.2693125489     0.0859759804     0.3907751381
   -0.0374280622    -0.2310339669     0.0847138457     0.4259351382
   -0.0542142969    -0.1758634106     0.0831487267     0.4740294943
   -0.0689625053    -0.1129702629     0.0817833034     0.5246061316
   -0.0811517636    -0.0500374700     0.0809709825     0.5699146801
   -0.0901517953     0.0080963145     0.0808792240     0.6064256755
   -0.0952260736     0.0589599756     0.0815300379     0.6340845692
   -0.0956370534     0.1011126971     0.0828358753     0.6545825097
   -0.0908258396     0.1330093023     0.0846038039     0.6698154752
   -0.0806286810     0.1525810650     0.0865480411     0.6810373346
   -0.0655983720     0.1575512524     0.0882900866     0.6886939613
   -0.0471052975     0.1462906055     0.0895311997     0.6927331225
   -0.0279373600     0.1188459906     0.0898487563     0.6931836915
   -0.0106586989     0.0777168814     0.0896891385     0.6908349564
   -0.0013309718     0.0272727115     0.0877316472     0.6878202378
    0.0000000000     0.0000000000     0.0877316472     0.6878202378
    0.0000000000     0.0000000000     0.1093548062     0.6672746523
    0.0011729558     0.0218329096     0.1093548062     0.6672746523
    0.0097432599     0.0644513940     0.1111850309     0.6716353396
    0.0259787932     0.1010963335     0.1114279778     0.6762664494
    0.0445290236     0.1274393702     0.1112911511     0.6785542131
    0.0630576635     0.1404919052     0.1103378137     0.6772377603
    0.0788321837     0.1393607509     0.1089133195     0.6718813186
    0.0903200499     0.1247373464     0.1072494817     0.6622208652
    0.0967297181     0.0980999468     0.1056692638     0.6476073879
    0.0979769003     0.0609599462     0.1044324647     0.6267155591
    0.0943932102     0.0145582785     0.1037342595     0.5977194183
    0.0864993920    -0.0397553714     0.1036870931     0.5591384901
    0.0748143236    -0.0994624051     0.1043080007     0.5113609415
    0.0597756916    -0.1596490914     0.1054732716     0.4583241510
    0.0418139056    -0.2126529585     0.1068685077     0.4081771009
    0.0215567602    -0.2494739868     0.1080187596     0.3716745044
    0.0000000778    -0.2627060916     0.1084663125     0.3582479691
   -0.0215566125    -0.2494738046     0.1080187382     0.3716747147
   -0.0418137806    -0.2126526549     0.1068684689     0.4081774419
   -0.0597756013    -0.1596487578     0.1054732209     0.4583245051
   -0.0748142742    -0.0994621222     0.1043079430     0.5113612059
   -0.0864993824    -0.0397551824     0.1036870317     0.5591386098
   -0.0943932338     0.0145583700     0.1037341963     0.5977193875
   -0.0979769477     0.0609599617     0.1044324014     0.6267154038
   -0.0967297796     0.0980999158     0.1056692022     0.6476071459
   -0.0903201167     0.1247372953     0.1072494231     0.6622205722
   -0.0788322481     0.1393606983     0.1089132645     0.6718810024
   -0.0630577194     0.1404918615     0.1103377622     0.6772374402
   -0.0445290658     0.1274393386     0.1112911023     0.6785539015
   -0.0259788194     0.1010963125     0.1114279300     0.6762661528
   -0.0097432703     0.0644513807     0.1111849833     0.6716350594
   -0.0011729573     0.0218329035     0.1093547567     0.6672743839
    0.0000000000     0.0000000000     0.1093547567     0.6672743839
    0.0000000000     0.0000000000     0.1306257926     0.6400434733
    0.0010276568     0.0169007581     0.1306257926     0.6400434733
    0.0088068763     0.0521844099     0.1323099412     0.6456884259
    0.0238311694     0.0843120828     0.1326046802     0.6526009455
    0.0414550500     0.1090953939     0.1325995160     0.6577044305
    0.0596231008     0.1232674072     0.1318771481     0.6592261541
    0.0757614122     0.1253075214     0.1307123669     0.6562824519
    0.0882690810     0.1151238048     0.1292766355     0.6482781218
    0.0961709972     0.0934674592     0.1278394472     0.6343746643
    0.0991397020     0.0613098466     0.1266351314     0.6132153969
    0.0972430887     0.0195883963     0.1258617620     0.5831094313
    0.0907256046    -0.0304371403     0.1256582626     0.5428637092
    0.0798285150    -0.0862171218     0.1260817423     0.4932500828
    0.0647563693    -0.1428384399     0.1270506765     0.4385809368
    0.0458368807    -0.1928194192     0.1282850508     0.3872520744
    0.0238077086    -0.2275434788     0.1293318176     0.3500815833
    0.0000000350    -0.2400168091     0.1297438889     0.3364460662
   -0.0238076425    -0.2275432844     0.1293317965     0.3500818307
   -0.0458368265    -0.1928190922     0.1282850127     0.3872524841
   -0.0647563357    -0.1428380744     0.1270506271     0.4385813815
   -0.0798285089    -0.0862168037     0.1260816863     0.4932504482
   -0.0907256279    -0.0304369186     0.1256582028     0.5428639293
   -0.0972431381     0.0195885136     0.1258617001     0.5831094929
   -0.0991397702     0.0613098788     0.1266350686     0.6132153223
   -0.0961710757     0.0934674356     0.1278393848     0.6343744906
   -0.0882691609     0.1151237527     0.1292765747     0.6482778861
   -0.0757614860     0.1253074607     0.1307123085     0.6562821844
   -0.0596231622     0.1232673498     0.1318770920     0.6592258767
   -0.0414550947     0.1090953454     0.1325994615     0.6577041578
   -0.0238311961     0.0843120448     0.1326046263     0.6526006858
   -0.0088068866     0.0521843833     0.1323098871     0.6456881817
   -0.0010276581     0.0169007464     0.1306257366     0.6400432407
    0.0000000000     0.0000000000     0.1306257366     0.6400432407
    0.0000000000     0.0000000000     0.1512382079     0.6048315901
    0.0008868391     0.0124790247     0.1512382079     0.6048315901
    0.0078451471     0.0409940720     0.1527643615     0.6115508525
    0.0215443431     0.0686800960     0.1530929601     0.6205422934
    0.0380352662     0.0915463736     0.1531886049     0.6283654198
    0.0555673704     0.1062056519     0.1526581141     0.6327422099
    0.0717929024     0.1107054752     0.1517090484     0.6323082907
    0.0851142359     0.1043389696     0.1504569020     0.6261099375
    0.0944207656     0.0872404120     0.1491195190     0.6131201812
    0.0991498028     0.0599016115     0.1479067813     0.5919863999
    0.0990771269     0.0229888748     0.1470209095     0.5612167950
    0.0941227673    -0.0223158353     0.1466292523     0.5199752530
    0.0842053607    -0.0734590401     0.1468304692     0.4694462641
    0.0692728360    -0.1256280585     0.1475850356     0.4142495537
    0.0495518155    -0.1717047416     0.1486459331     0.3628371257
    0.0259029753    -0.2036792007     0.1495812232     0.3258207226
   -0.0000000059    -0.2151528194     0.1499549732     0.3122821824
   -0.0259029860    -0.2036790024     0.1495812032     0.3258209975
   -0.0495518255    -0.1717044049     0.1486458974     0.3628375885
   -0.0692728498    -0.1256276767     0.1475849897     0.4142500721
   -0.0842053854    -0.0734587005     0.1468304173     0.4694467164
   -0.0941228080    -0.0223155910     0.1466291967     0.5199755646
   -0.0990771846     0.0229890112     0.1470208512     0.5612169451
   -0.0991498739     0.0599016560     0.1479067210     0.5919864058
   -0.0944208438     0.0872403927     0.1491194576     0.6131200778
   -0.0851143136     0.1043389138     0.1504568406     0.6261097620
   -0.0717929727     0.1107054040     0.1517089878     0.6323080748
   -0.0555674277     0.1062055791     0.1526580544     0.6327419774
   -0.0380353071     0.0915463073     0.1531885460     0.6283651873
   -0.0215443670     0.0686800409     0.1530929012     0.6205420711
   -0.0078451561     0.0409940327     0.1527643022     0.6115506444
   -0.0008868403     0.0124790077     0.1512381469     0.6048313932
    0.0000000000     0.0000000000     0.1512381469     0.6048313932
    0.0000000000     0.0000000000     0.1708556876     0.5607256909
    0.0007415834     0.0085829128     0.1708556876     0.5607256909
    0.0068367682     0.0309464168     0.1722140422     0.5681570772
    0.0191138244     0.0543303641     0.1725686270     0.5787754753
    0.0343257283     0.0749845944     0.1727490243     0.5889502745
    0.0510355490     0.0895280940     0.1723879303     0.5959748221
    0.0671601202     0.0957511341     0.1716260886     0.5980137864
    0.0811503042     0.0925041075     0.1705251875     0.5937418924
    0.0917927394     0.0794404040     0.1692522285     0.5819432878
    0.0982943911     0.0566659594     0.1679931362     0.5612972992
    0.1001177057     0.0246328337     0.1669549179     0.5305618144
    0.0968257781    -0.0155373347     0.1663344016     0.4893024965
    0.0879914017    -0.0613286548     0.1662726975     0.4391068041
    0.0733054377    -0.1081511554     0.1667731934     0.3847880550
    0.0529110129    -0.1494467132     0.1676245397     0.3346242270
    0.0278063155    -0.1780314612     0.1684217997     0.2987285190
   -0.0000000427    -0.1882710511     0.1687472828     0.2856413323
   -0.0278063950    -0.1780312681     0.1684217816     0.2987288093
   -0.0529110781    -0.1494463827     0.1676245074     0.3346247218
   -0.0733054882    -0.1081507752     0.1667731523     0.3847886229
   -0.0879914440    -0.0613283100     0.1662726513     0.4391073210
   -0.0968258206    -0.0155370802     0.1663343518     0.4893028825
   -0.1001177543     0.0246329813     0.1669548648     0.5305620417
   -0.0982944470     0.0566660120     0.1679930797     0.5612973790
   -0.0917927997     0.0794403871     0.1692521694     0.5819432513
   -0.0811503640     0.0925040476     0.1705251265     0.5937417754
   -0.0671601743     0.0957510530     0.1716260266     0.5980136210
   -0.0510355929     0.0895280073     0.1723878679     0.5959746334
   -0.0343257593     0.0749845124     0.1727489618     0.5889500808
   -0.0191138423     0.0543302943     0.1725685642     0.5787752884
   -0.0068367749     0.0309463668     0.1722139789     0.5681569028
   -0.0007415842     0.0085828914     0.1708556232     0.5607255273
    0.0000000000     0.0000000000     0.1708556232     0.5607255273
    0.0000000000     0.0000000000     0.1891198546     0.5073672064
    0.0005844284     0.0052451669     0.1891198546     0.5073672064
    0.0057571001     0.0221175017     0.1903000573     0.5150273182
    0.0165104617     0.0413735437     0.1906785998     0.5265750504
    0.0303232523     0.0595496377     0.1909369551     0.5384109484
    0.0460744790     0.0733867081     0.1907342266     0.5475523540
    0.0619632783     0.0805802739     0.1901431188     0.5517739042
    0.0765099124     0.0797105446     0.1891723417     0.5494125549
    0.0884136351     0.0701011860     0.1879379647     0.5390829546
    0.0966510508     0.0515866213     0.1866014109     0.5195212579
    0.1003588405     0.0244745095     0.1853735271     0.4897622410
    0.0987317453    -0.0101599735     0.1844795596     0.4497754725
    0.0910024917    -0.0498979448     0.1841023336     0.4014858220
    0.0766328365    -0.0905124238     0.1842897093     0.3497324249
    0.0557167633    -0.1262023893     0.1848730002     0.3023543208
    0.0294014310    -0.1508080772     0.1854874423     0.2686646870
   -0.0000000739    -0.1596004782     0.1857476710     0.2564213934
   -0.0294015680    -0.1508078988     0.1854874265     0.2686649781
   -0.0557168725    -0.1262020813     0.1848729723     0.3023548223
   -0.0766329123    -0.0905120648     0.1842896740     0.3497330118
   -0.0910025393    -0.0498976132     0.1841022939     0.4014863737
   -0.0987317758    -0.0101597231     0.1844795165     0.4497759076
   -0.1003588648     0.0244746591     0.1853734799     0.4897625263
   -0.0966510755     0.0515866775     0.1866013591     0.5195213985
   -0.0884136621     0.0701011707     0.1879379083     0.5390829764
   -0.0765099404     0.0797104825     0.1891722816     0.5494124908
   -0.0619633046     0.0805801867     0.1901430561     0.5517737852
   -0.0460745007     0.0733866123     0.1907341622     0.5475522057
   -0.0303232678     0.0595495453     0.1909368898     0.5384107903
   -0.0165104706     0.0413734644     0.1906785340     0.5265748958
   -0.0057571033     0.0221174448     0.1902999912     0.5150271743
   -0.0005844288     0.0052451426     0.1891197879     0.5073670727
    0.0000000000     0.0000000000     0.1891197879     0.5073670727
    0.0000000000     0.0000000000     0.2056627060     0.4450461863
    0.0004103754     0.0025113938     0.2056627060     0.4450461863
    0.0045878362     0.0145949520     0.2066522933     0.4523931695
    0.0137054855     0.0299151802     0.2070535749     0.4639917741
    0.0260012424     0.0453538102     0.2073848365     0.4765022073
    0.0406671855     0.0578941166     0.2073319669     0.4868796063
    0.0561875369     0.0652970802     0.2068987793     0.4926712080
    0.0711547534     0.0660460339     0.2060422725     0.4919811297
    0.0841835755     0.0592926641     0.2048277472     0.4833158473
    0.0940204326     0.0447213024     0.2033907659     0.4654996646
    0.0994795334     0.0225633448     0.2019428319     0.4378434846
    0.0994054872    -0.0061537573     0.2007332663     0.4006680537
    0.0927334546    -0.0391892179     0.1999830855     0.3561048091
    0.0787561452    -0.0728296006     0.1997860201     0.3087988298
    0.0575672941    -0.1022105465     0.2000266862     0.2658648774
    0.0304640155    -0.1223513647     0.2003999397     0.2355248284
   -0.0000000976    -0.1295242979     0.2005726245     0.2245340066
   -0.0304641958    -0.1223512097     0.2003999266     0.2355251045
   -0.0575674347    -0.1022102768     0.2000266632     0.2658653575
   -0.0787562351    -0.0728292821     0.1997859912     0.3087994009
   -0.0927334973    -0.0391889185     0.1999830529     0.3561053600
   -0.0994054956    -0.0061535263     0.2007332301     0.4006685059
   -0.0994795226     0.0225634863     0.2019427909     0.4378438022
   -0.0940204149     0.0447213577     0.2033907190     0.4654998466
   -0.0841835582     0.0592926505     0.2048276941     0.4833159140
   -0.0711547396     0.0660459734     0.2060422139     0.4919811095
   -0.0561875270     0.0652969929     0.2068987165     0.4926711295
   -0.0406671787     0.0578940191     0.2073319013     0.4868794943
   -0.0260012379     0.0453537152     0.2073847693     0.4765020816
   -0.0137054827     0.0299150983     0.2070535069     0.4639916488
   -0.0045878350     0.0145948934     0.2066522252     0.4523930530
   -0.0004103752     0.0025113689     0.2056626380     0.4450460794
    0.0000000000     0.0000000000     0.2056626380     0.4450460794
    0.0000000000     0.0000000000     0.2201298213     0.3746844993
    0.0002138336     0.0004416701     0.2201298213     0.3746844993
    0.0033146521     0.0084859776     0.2209179484     0.3811999227
    0.0106759753     0.0200831094     0.2213424971     0.3919094878
    0.0213204005     0.0325375057     0.2217426031     0.4039287327
    0.0347400982     0.0432065522     0.2218299701     0.4143939181
    0.0496944910     0.0500769916     0.2215397551     0.4208539527
    0.0648415908     0.0517058992     0.2207797385     0.4213574593
    0.0787130952     0.0472269139     0.2195658233     0.4144149059
    0.0898380500     0.0362880419     0.2180062570     0.3989834662
    0.0967400583     0.0190963290     0.2163083534     0.3746231844
    0.0979730674    -0.0033935869     0.2147385683     0.3418991740
    0.0922613364    -0.0292193641     0.2135507605     0.3029607581
    0.0788213221    -0.0553262412     0.2128865446     0.2620054174
    0.0578036170    -0.0779233048     0.2126976546     0.2251441054
    0.0306350176    -0.0932943916     0.2127620206     0.1992522492
   -0.0000001121    -0.0987445668     0.2128214429     0.1899019941
   -0.0306352237    -0.0932942673     0.2127620107     0.1992524949
   -0.0578037748    -0.0779230867     0.2126976371     0.2251445360
   -0.0788214160    -0.0553259800     0.2128865225     0.2620059367
   -0.0922613673    -0.0292191142     0.2135507352     0.3029612698
   -0.0979730488    -0.0033933901     0.2147385392     0.3418996074
   -0.0967400084     0.0190964523     0.2163083186     0.3746235037
   -0.0898379859     0.0362880915     0.2180062150     0.3989836661
   -0.0787130295     0.0472269025     0.2195657736     0.4144150006
   -0.0648415312     0.0517058446     0.2207796817     0.4213574719
   -0.0496944416     0.0500769116     0.2215396927     0.4208539079
   -0.0347400603     0.0432064618     0.2218299039     0.4143938385
   -0.0213203743     0.0325374173     0.2217425346     0.4039286370
   -0.0106759599     0.0200830333     0.2213424278     0.3919093901
   -0.0033146459     0.0084859233     0.2209178790     0.3811998317
   -0.0002138326     0.0004416473     0.2201297528     0.3746844167
    0.0000000000     0.0000000000     0.2201297528     0.3746844167
    0.0000000000     0.0000000000     0.2321855326     0.2977021212
   -0.0000076459    -0.0009047474     0.2321855326     0.2977021212
    0.0019427018     0.0038828611     0.2327642918     0.3029726342
    0.0074311385     0.0119861505     0.2332087959     0.3119423337
    0.0162526997     0.0212300500     0.2336660557     0.3223181187
    0.0281672820     0.0294912687     0.2338714569     0.3316508577
    0.0421887763     0.0351412191     0.2336959612     0.3377465477
    0.0570394461     0.0369736389     0.2330045682     0.3388183796
    0.0711895441     0.0342437699     0.2317688358     0.3335279464
    0.0830002862     0.0266545896     0.2300696698     0.3210196010
    0.0907873465     0.0144096011     0.2281043045     0.3010559230
    0.0929304414    -0.0016667933     0.2261467331     0.2743031683
    0.0880788244    -0.0200065620     0.2244757229     0.2427110663
    0.0754914040    -0.0383360725     0.2232811256     0.2097789269
    0.0554257567    -0.0540064659     0.2225939057     0.1803770816
    0.0293799055    -0.0645573618     0.2222953362     0.1598462256
   -0.0000001151    -0.0682769324     0.2222209546     0.1524547144
   -0.0293801165    -0.0645572728     0.2222953297     0.1598464273
   -0.0554259157    -0.0540063082     0.2225938942     0.1803774375
   -0.0754914921    -0.0383358809     0.2232811107     0.2097793615
   -0.0880788400    -0.0200063755     0.2244757051     0.2427115022
   -0.0929303968    -0.0016666434     0.2261467108     0.2743035469
   -0.0907872615     0.0144096969     0.2281042757     0.3010562123
   -0.0830001810     0.0266546290     0.2300696326     0.3210197932
   -0.0711894354     0.0342437609     0.2317687895     0.3335280501
   -0.0570393458     0.0369735947     0.2330045135     0.3388184121
   -0.0421886916     0.0351411536     0.2336958997     0.3377465289
   -0.0281672165     0.0294911945     0.2338713906     0.3316508064
   -0.0162526544     0.0212299775     0.2336659867     0.3223180511
   -0.0074311119     0.0119860885     0.2332087258     0.3119422625
   -0.0019426911     0.0038828174     0.2327642216     0.3029725675
    0.0000076476    -0.0009047654     0.2321854639     0.2977020610
    0.0000000000     0.0000000000     0.2321854639     0.2977020610
    0.0000000000     0.0000000000     0.2415454906     0.2157904839
   -0.0002550547    -0.0014521562     0.2415454906     0.2157904839
    0.0005016208     0.0009115321     0.2419388077     0.2195674391
    0.0040237472     0.0058481588     0.2424324802     0.2261792420
    0.0107800617     0.0118061386     0.2429730749     0.2339932975
    0.0207402315     0.0173083461     0.2433040188     0.2411619680
    0.0331487789     0.0212331339     0.2432318730     0.2459767518
    0.0468209208     0.0227342037     0.2425813960     0.2470251315
    0.0602396502     0.0212877339     0.2412842199     0.2432633017
    0.0717177779     0.0167033962     0.2393950707     0.2340704167
    0.0795224248     0.0091676938     0.2370985521     0.2193534843
    0.0820444573    -0.0006990881     0.2346726111     0.1997297616
    0.0780377644    -0.0118187773     0.2324215895     0.1767460618
    0.0669279314    -0.0227498850     0.2305927009     0.1530016281
    0.0490967237    -0.0319377047     0.2293130247     0.1319723786
    0.0259967912    -0.0380385226     0.2285858821     0.1173750854
   -0.0000001045    -0.0401725129     0.2283542048     0.1121362715
   -0.0259969823    -0.0380384691     0.2285858794     0.1173752330
   -0.0490968655    -0.0319376089     0.2293130199     0.1319726410
   -0.0669280045    -0.0227497666     0.2305926941     0.1530019519
   -0.0780377649    -0.0118186599     0.2324215797     0.1767463919
   -0.0820443952    -0.0006989918     0.2346725962     0.1997300544
   -0.0795223184     0.0091677565     0.2370985294     0.2193537146
   -0.0717176481     0.0167034222     0.2393950383     0.2340705764
   -0.0602395159     0.0212877275     0.2412841770     0.2432633953
   -0.0468207962     0.0227341731     0.2425813434     0.2470251703
   -0.0331486734     0.0212330887     0.2432318125     0.2459767500
   -0.0207401501     0.0173082950     0.2433039526     0.2411619397
   -0.0107800058     0.0118060890     0.2429730053     0.2339932551
   -0.0040237147     0.0058481169     0.2424324094     0.2261791955
   -0.0005016079     0.0009115032     0.2419387366     0.2195673950
    0.0002550568    -0.0014521672     0.2415454213     0.2157904442
    0.0000000000     0.0000000000     0.2415454213     0.2157904442
    0.0000000000     0.0000000000     0.2479277446     0.1306420259
   -0.0004537341    -0.0011865465     0.2479277446     0.1306420259
   -0.0007288398    -0.0004591678     0.2481753703     0.1328576219
    0.0008879829     0.0016675446     0.2487077945     0.1368148698
    0.0052524758     0.0043707308     0.2493060941     0.1415534986
    0.0124518411     0.0069251811     0.2497151422     0.1459416924
    0.0219594867     0.0088029595     0.2496951442     0.1489107139
    0.0327979510     0.0096019088     0.2490454800     0.1495688667
    0.0436603392     0.0090772716     0.2476719490     0.1472647107
    0.0530712739     0.0071550222     0.2456097595     0.1416338839
    0.0595412977     0.0039550099     0.2430296740     0.1326656869
    0.0617546241    -0.0001962909     0.2402065099     0.1208002440
    0.0587870274    -0.0047843807     0.2374608851     0.1070307071
    0.0503259800    -0.0091843298     0.2350875163     0.0929387572
    0.0368153369    -0.0127892820     0.2332976434     0.0805626894
    0.0194486566    -0.0151324078     0.2322013540     0.0720259534
   -0.0000000775    -0.0159419928     0.2318342816     0.0689725502
   -0.0194487980    -0.0151323863     0.2322013547     0.0720260419
   -0.0368154403    -0.0127892430     0.2332976443     0.0805628477
   -0.0503260292    -0.0091842807     0.2350875165     0.0929389546
   -0.0587870174    -0.0047843308     0.2374608823     0.1070309112
   -0.0617545610    -0.0001962492     0.2402065012     0.1208004283
   -0.0595411958     0.0039550374     0.2430296563     0.1326658353
   -0.0530711510     0.0071550333     0.2456097310     0.1416339902
   -0.0436602121     0.0090772679     0.2476719090     0.1472647764
   -0.0327978332     0.0096018940     0.2490454293     0.1495688981
   -0.0219593876     0.0088029380     0.2496950848     0.1489107193
   -0.0124517654     0.0069251571     0.2497150765     0.1459416803
   -0.0052524246     0.0043707080     0.2493060244     0.1415534769
   -0.0008879539     0.0016675258     0.2487077232     0.1368148447
    0.0007288507    -0.0004591799     0.2481752985     0.1328575978
    0.0004537357    -0.0011865500     0.2479276745     0.1306420042
    0.0000000000     0.0000000000     0.2479276745     0.1306420042
    0.0000000000     0.0000000000     0.2510507091     0.0437307665
   -0.0004565035    -0.0004300401     0.2510507091     0.0437307665
   -0.0012459913    -0.0003883600     0.2513613226     0.0444508446
   -0.0012202116     0.0000082908     0.2521952982     0.0457509416
    0.0003217891     0.0005449547     0.2531802387     0.0473174943
    0.0034605036     0.0010612011     0.2539640612     0.0487718140
    0.0079455258     0.0014527184     0.2542066519     0.0497509941
    0.0132597197     0.0016396302     0.2536373162     0.0499502530
    0.0186958896     0.0015753246     0.2521143324     0.0491491951
    0.0234557338     0.0012507913     0.2496528080     0.0472315617
    0.0267547439     0.0007000532     0.2464325398     0.0442085665
    0.0279419038    -0.0000014146     0.2427715023     0.0402475549
    0.0266174453    -0.0007485195     0.2390707336     0.0356968686
    0.0227212018    -0.0014307112     0.2357398797     0.0310855535
    0.0165535253    -0.0019602190     0.2331259563     0.0270712315
    0.0087155038    -0.0022880795     0.2314704638     0.0243205581
   -0.0000000336    -0.0023980695     0.2309052060     0.0233402123
   -0.0087155648    -0.0022880762     0.2314704695     0.0243205871
   -0.0165535689    -0.0019602129     0.2331259663     0.0270712837
   -0.0227212198    -0.0014307031     0.2357398910     0.0310856192
   -0.0266174344    -0.0007485110     0.2390707421     0.0356969374
   -0.0279418662    -0.0000014073     0.2427715034     0.0402476179
   -0.0267546864     0.0007000579     0.2464325295     0.0442086181
   -0.0234556657     0.0012507930     0.2496527839     0.0472315993
   -0.0186958200     0.0015753234     0.2521142941     0.0491492191
   -0.0132596563     0.0016396269     0.2536372650     0.0499502653
   -0.0079454736     0.0014527139     0.2542065904     0.0497509973
   -0.0034604651     0.0010611964     0.2539639924     0.0487718111
   -0.0003217644     0.0005449504     0.2531801657     0.0473174879
    0.0012202242     0.0000082875     0.2521952238     0.0457509339
    0.0012459947    -0.0003883617     0.2513612484     0.0444508371
    0.0004565034    -0.0004300400     0.2510506367     0.0437307597
    0.0000000000     0.0000000000     0.2510506367     0.0437307597
    0.0000000000     0.0000000000     0.0000000000     0.0000000000
    0.0000000000     0.0000000000     0.2510507091     0.0000000000
    0.0000000000     0.0000000000     0.2513613226     0.0000000000
    0.0000000000     0.0000000000     0.2521952982     0.0000000000
    0.0000000000     0.0000000000     0.2531802387     0.0000000000
    0.0000000000     0.0000000000     0.2539640612     0.0000000000
    0.0000000000     0.0000000000     0.2542066519     0.0000000000
    0.0000000000     0.0000000000     0.2536373162     0.0000000000
    0.0000000000     0.0000000000     0.2521143324     0.0000000000
    0.0000000000     0.0000000000     0.2496528080     0.0000000000
    0.0000000000     0.0000000000     0.2464325398     0.0000000000
    0.0000000000     0.0000000000     0.2427715023     0.0000000000
    0.0000000000     0.0000000000     0.2390707336     0.0000000000
    0.0000000000     0.0000000000     0.2357398797     0.0000000000
    0.0000000000     0.0000000000     0.2331259563     0.0000000000
    0.0000000000     0.0000000000     0.2314704638     0.0000000000
    0.0000000000     0.0000000000     0.2309052060     0.0000000000
    0.0000000000     0.0000000000     0.2314704695     0.0000000000
    0.0000000000     0.0000000000     0.2331259663     0.0000000000
    0.0000000000     0.0000000000     0.2357398910     0.0000000000
    0.0000000000     0.0000000000     0.2390707421     0.0000000000
    0.0000000000     0.0000000000     0.2427715034     0.0000000000
    0.0000000000     0.0000000000     0.2464325295     0.0000000000
    0.0000000000     0.0000000000     0.2496527839     0.0000000000
    0.0000000000     0.0000000000     0.2521142941     0.0000000000
    0.0000000000     0.0000000000     0.2536372650     0.0000000000
    0.0000000000     0.0000000000     0.2542065904     0.0000000000
    0.0000000000     0.0000000000     0.2539639924     0.0000000000
    0.0000000000     0.0000000000     0.2531801657     0.0000000000
    0.0000000000     0.0000000000     0.2521952238     0.0000000000
    0.0000000000     0.0000000000     0.2513612484     0.0000000000
    0.0000000000     0.0000000000     0.2510506367     0.0000000000
    0.0000000000     0.0000000000     0.0000000000     0.0000000000
