    0.0000000000     0.0000000000     0.0000080722    -0.0000080722
   -0.0000080722     0.0000000000    -0.0001359245     0.0001439967
    0.0001359245     0.0000000000    -0.0003182395     0.0001823150
    0.0003182395     0.0000000000    -0.0005007540     0.0001825145
    0.0005007540     0.0000000000    -0.0006753320     0.0001745780
    0.0006753320     0.0000000000    -0.0008527724     0.0001774404
    0.0008527724     0.0000000000    -0.0010427079     0.0001899355
    0.0010427079     0.0000000000    -0.0012505172     0.0002078092
    0.0012505172     0.0000000000    -0.0014758861     0.0002253690
    0.0014758861     0.0000000000    -0.0017151147     0.0002392285
    0.0017151147     0.0000000000    -0.0019619083     0.0002467936
    0.0019619083     0.0000000000    -0.0022080368     0.0002461285
    0.0022080368     0.0000000000    -0.0024433145     0.0002352777
    0.0024433145     0.0000000000    -0.0026556835     0.0002123689
    0.0026556835     0.0000000000    -0.0028313280     0.0001756446
    0.0028313280     0.0000000000    -0.0029551054     0.0001237774
    0.0029551054     0.0000000000    -0.0030113387     0.0000562333
    0.0030113387     0.0000000000    -0.0029851415    -0.0000261972
    0.0029851415     0.0000000000    -0.0028643319    -0.0001208096
    0.0028643319     0.0000000000    -0.0026419523    -0.0002223796
    0.0026419523     0.0000000000    -0.0023192271    -0.0003227252
    0.0023192271     0.0000000000    -0.0019085501    -0.0004106770
    0.0019085501     0.0000000000    -0.0014357495    -0.0004728005
    0.0014357495     0.0000000000    -0.0009404515    -0.0004952981
    0.0009404515     0.0000000000    -0.0004732644    -0.0004671871
    0.0004732644     0.0000000000    -0.0000884423    -0.0003848221
    0.0000884423     0.0000000000     0.0001669611    -0.0002554034
   -0.0001669611     0.0000000000     0.0002673179    -0.0001003568
   -0.0002673179     0.0000000000     0.0002180253     0.0000492925
   -0.0002180253     0.0000000000     0.0000814831     0.0001365422
   -0.0000814831     0.0000000000     0.0000000000     0.0000814831
    0.0000000000     0.0000080722    -0.0001996354     0.0001915632
    0.0001996354    -0.0001439967    -0.0005738414     0.0005182027
    0.0005738414    -0.0001823150    -0.0010303929     0.0006388664
    0.0010303929    -0.0001825145    -0.0015153834     0.0006675051
    0.0015153834    -0.0001745780    -0.0020083349     0.0006675295
    0.0020083349    -0.0001774404    -0.0025147735     0.0006838790
    0.0025147735    -0.0001899355    -0.0030414918     0.0007166538
    0.0030414918    -0.0002078092    -0.0035883641     0.0007546815
    0.0035883641    -0.0002253690    -0.0041470359     0.0007840408
    0.0041470359    -0.0002392285    -0.0047034383     0.0007956309
    0.0047034383    -0.0002467936    -0.0052397069     0.0007830623
    0.0052397069    -0.0002461285    -0.0057356649     0.0007420865
    0.0057356649    -0.0002352777    -0.0061697679     0.0006693807
    0.0061697679    -0.0002123689    -0.0065199711     0.0005625721
    0.0065199711    -0.0001756446    -0.0067645456     0.0004202190
    0.0067645456    -0.0001237774    -0.0068830181     0.0002422499
    0.0068830181    -0.0000562333    -0.0068572994     0.0000305146
    0.0068572994     0.0000261972    -0.0066731326    -0.0002103640
    0.0066731326     0.0001208096    -0.0063219520    -0.0004719902
    0.0063219520     0.0002223796    -0.0058032220    -0.0007411096
    0.0058032220     0.0003227252    -0.0051272165    -0.0009987307
    0.0051272165     0.0004106770    -0.0043180001    -0.0012198935
    0.0043180001     0.0004728005    -0.0034160200    -0.0013747806
    0.0034160200     0.0004952981    -0.0024791834    -0.0014321347
    0.0024791834     0.0004671871    -0.0015807686    -0.0013656019
    0.0015807686     0.0003848221    -0.0008018455    -0.0011637452
    0.0008018455     0.0002554034    -0.0002172915    -0.0008399573
    0.0002172915     0.0001003568     0.0001258653    -0.0004435136
   -0.0001258653    -0.0000492925     0.0002283394    -0.0000531816
   -0.0002283394    -0.0001365422     0.0001530766     0.0002118049
   -0.0001530766    -0.0000814831     0.0000000000     0.0002345597
    0.0000000000    -0.0001915632    -0.0002995468     0.0004911100
    0.0002995468    -0.0005182027    -0.0009234806     0.0011421365
    0.0009234806    -0.0006388664    -0.0016659069     0.0013812927
    0.0016659069    -0.0006675051    -0.0024353930     0.0014369911
    0.0024353930    -0.0006675295    -0.0032078871     0.0014400237
    0.0032078871    -0.0006838790    -0.0039843767     0.0014603686
    0.0039843767    -0.0007166538    -0.0047647700     0.0014970472
    0.0047647700    -0.0007546815    -0.0055397890     0.0015297005
    0.0055397890    -0.0007840408    -0.0062924899     0.0015367417
    0.0062924899    -0.0007956309    -0.0070020750     0.0015052160
    0.0070020750    -0.0007830623    -0.0076466544     0.0014276417
    0.0076466544    -0.0007420865    -0.0082049792     0.0013004112
    0.0082049792    -0.0006693807    -0.0086573927     0.0011217943
    0.0086573927    -0.0005625721    -0.0089863372     0.0008915166
    0.0089863372    -0.0004202190    -0.0091765614     0.0006104432
    0.0091765614    -0.0002422499    -0.0092152301     0.0002809186
    0.0092152301    -0.0000305146    -0.0090920927    -0.0000926228
    0.0090920927     0.0002103640    -0.0087998887    -0.0005025680
    0.0087998887     0.0004719902    -0.0083351669    -0.0009367120
    0.0083351669     0.0007411096    -0.0076997039    -0.0013765726
    0.0076997039     0.0009987307    -0.0069026715    -0.0017957631
    0.0069026715     0.0012198935    -0.0059635800    -0.0021589850
    0.0059635800     0.0013747806    -0.0049157358    -0.0024226248
    0.0049157358     0.0014321347    -0.0038094062    -0.0025384643
    0.0038094062     0.0013656019    -0.0027130767    -0.0024619314
    0.0027130767     0.0011637452    -0.0017100483    -0.0021667736
    0.0017100483     0.0008399573    -0.0008876794    -0.0016623262
    0.0008876794     0.0004435136    -0.0003159388    -0.0010152542
    0.0003159388     0.0000531816    -0.0000227832    -0.0003463372
    0.0000227832    -0.0002118049     0.0000397146     0.0001493071
   -0.0000397146    -0.0002345597     0.0000000000     0.0002742744
    0.0000000000    -0.0004911100    -0.0004464760     0.0009375860
    0.0004464760    -0.0011421365    -0.0012703210     0.0019659815
    0.0012703210    -0.0013812927    -0.0022285561     0.0023395278
    0.0022285561    -0.0014369911    -0.0032101979     0.0024186329
    0.0032101979    -0.0014400237    -0.0041816561     0.0024114819
    0.0041816561    -0.0014603686    -0.0051336037     0.0024123162
    0.0051336037    -0.0014970472    -0.0060557124     0.0024191558
    0.0060557124    -0.0015297005    -0.0069311130     0.0024051011
    0.0069311130    -0.0015367417    -0.0077401607     0.0023457894
    0.0077401607    -0.0015052160    -0.0084641391     0.0022291944
    0.0084641391    -0.0014276417    -0.0090871810     0.0020506836
    0.0090871810    -0.0013004112    -0.0095967837     0.0018100138
    0.0095967837    -0.0011217943    -0.0099835930     0.0015086037
    0.0099835930    -0.0008915166    -0.0102407730     0.0011486967
    0.0102407730    -0.0006104432    -0.0103632218     0.0007328920
    0.0103632218    -0.0002809186    -0.0103468005     0.0002644973
    0.0103468005     0.0000926228    -0.0101877292    -0.0002516941
    0.0101877292     0.0005025680    -0.0098822836    -0.0008080136
    0.0098822836     0.0009367120    -0.0094269738    -0.0013920219
    0.0094269738     0.0013765726    -0.0088194254    -0.0019841210
    0.0088194254     0.0017957631    -0.0080602310    -0.0025549574
    0.0080602310     0.0021589850    -0.0071560042    -0.0030632118
    0.0071560042     0.0024226248    -0.0061236886    -0.0034549403
    0.0061236886     0.0025384643    -0.0049957063    -0.0036664465
    0.0049957063     0.0024619314    -0.0038246138    -0.0036330240
    0.0038246138     0.0021667736    -0.0026845531    -0.0033068343
    0.0026845531     0.0016623262    -0.0016654245    -0.0026814547
    0.0016654245     0.0010152542    -0.0008555056    -0.0018251731
    0.0008555056     0.0003463372    -0.0003147641    -0.0008870788
    0.0003147641    -0.0001493071    -0.0000467038    -0.0001187532
    0.0000467038    -0.0002742744     0.0000000000     0.0002275706
    0.0000000000    -0.0009375860    -0.0005248760     0.0014624621
    0.0005248760    -0.0019659815    -0.0014993076     0.0029404131
    0.0014993076    -0.0023395278    -0.0026185093     0.0034587295
    0.0026185093    -0.0024186329    -0.0037448228     0.0035449464
    0.0037448228    -0.0024114819    -0.0048335770     0.0035002361
    0.0048335770    -0.0024123162    -0.0058666521     0.0034453913
    0.0058666521    -0.0024191558    -0.0068287380     0.0033812416
    0.0068287380    -0.0024051011    -0.0077030613     0.0032794244
    0.0077030613    -0.0023457894    -0.0084754562     0.0031181843
    0.0084754562    -0.0022291944    -0.0091363631     0.0028901013
    0.0091363631    -0.0020506836    -0.0096809697     0.0025952902
    0.0096809697    -0.0018100138    -0.0101081287     0.0022371729
    0.0101081287    -0.0015086037    -0.0104190518     0.0018195267
    0.0104190518    -0.0011486967    -0.0106159521     0.0013455970
    0.0106159521    -0.0007328920    -0.0107008627     0.0008178026
    0.0107008627    -0.0002644973    -0.0106746344     0.0002382690
    0.0106746344     0.0002516941    -0.0105361664    -0.0003901621
    0.0105361664     0.0008080136    -0.0102818959    -0.0010622841
    0.0102818959     0.0013920219    -0.0099056681    -0.0017682496
    0.0099056681     0.0019841210    -0.0093991913    -0.0024905978
    0.0093991913     0.0025549574    -0.0087534129    -0.0032007358
    0.0087534129     0.0030632118    -0.0079612499    -0.0038553749
    0.0079612499     0.0034549403    -0.0070221064    -0.0043940838
    0.0070221064     0.0036664465    -0.0059483400    -0.0047402129
    0.0059483400     0.0036330240    -0.0047729941    -0.0048083700
    0.0047729941     0.0033068343    -0.0035565615    -0.0045232669
    0.0035565615     0.0026814547    -0.0023878615    -0.0038501547
    0.0023878615     0.0018251731    -0.0013730836    -0.0028399510
    0.0013730836     0.0008870788    -0.0006091028    -0.0016510596
    0.0006091028     0.0001187532    -0.0001516078    -0.0005762482
    0.0001516078    -0.0002275706     0.0000000000     0.0000759628
    0.0000000000    -0.0014624621    -0.0005733433     0.0020358053
    0.0005733433    -0.0029404131    -0.0016277146     0.0039947844
    0.0016277146    -0.0034587295    -0.0028295061     0.0046605210
    0.0028295061    -0.0035449464    -0.0040206675     0.0047361078
    0.0040206675    -0.0035002361    -0.0051445698     0.0046241384
    0.0051445698    -0.0034453913    -0.0061769472     0.0044777687
    0.0061769472    -0.0033812416    -0.0071029907     0.0043072852
    0.0071029907    -0.0032794244    -0.0079119617     0.0040883954
    0.0079119617    -0.0031181843    -0.0085993319     0.0038055545
    0.0085993319    -0.0028901013    -0.0091663331     0.0034571025
    0.0091663331    -0.0025952902    -0.0096184565     0.0030474136
    0.0096184565    -0.0022371729    -0.0099633751     0.0025820914
    0.0099633751    -0.0018195267    -0.0102092955     0.0020654472
    0.0102092955    -0.0013455970    -0.0103636295     0.0014999310
    0.0103636295    -0.0008178026    -0.0104320609     0.0008862340
    0.0104320609    -0.0002382690    -0.0104178118     0.0002240199
    0.0104178118     0.0003901621    -0.0103210377    -0.0004869362
    0.0103210377     0.0010622841    -0.0101382626    -0.0012450592
    0.0101382626     0.0017682496    -0.0098619012    -0.0020446111
    0.0098619012     0.0024905978    -0.0094800364    -0.0028724626
    0.0094800364     0.0032007358    -0.0089768377    -0.0037039345
    0.0089768377     0.0038553749    -0.0083342439    -0.0044979687
    0.0083342439     0.0043940838    -0.0075357646    -0.0051925631
    0.0075357646     0.0047402129    -0.0065732750    -0.0057027025
    0.0065732750     0.0048083700    -0.0054571062    -0.0059245388
    0.0054571062     0.0045232669    -0.0042281984    -0.0057521746
    0.0042281984     0.0038501547    -0.0029673386    -0.0051110146
    0.0029673386     0.0028399510    -0.0017936419    -0.0040136477
    0.0017936419     0.0016510596    -0.0008408763    -0.0026038252
    0.0008408763     0.0005762482    -0.0002220064    -0.0011951180
    0.0002220064    -0.0000759628     0.0000000000    -0.0001460436
    0.0000000000    -0.0020358053    -0.0005682045     0.0026040098
    0.0005682045    -0.0039947844    -0.0016339403     0.0050605203
    0.0016339403    -0.0046605210    -0.0028496803     0.0058762609
    0.0028496803    -0.0047361078    -0.0040402135     0.0059266411
    0.0040402135    -0.0046241384    -0.0051376459     0.0057215708
    0.0051376459    -0.0044777687    -0.0061145698     0.0054546926
    0.0061145698    -0.0043072852    -0.0069606441     0.0051533594
    0.0069606441    -0.0040883954    -0.0076738647     0.0048016161
    0.0076738647    -0.0038055545    -0.0082595482     0.0043912380
    0.0082595482    -0.0034571025    -0.0087277402     0.0039252945
    0.0087277402    -0.0030474136    -0.0090908880     0.0034105614
    0.0090908880    -0.0025820914    -0.0093616613     0.0028528647
    0.0093616613    -0.0020654472    -0.0095516689     0.0022554548
    0.0095516689    -0.0014999310    -0.0096706571     0.0016189192
    0.0096706571    -0.0008862340    -0.0097261029     0.0009416798
    0.0097261029    -0.0002240199    -0.0097228670     0.0002207839
    0.0097228670     0.0004869362    -0.0096627593    -0.0005470439
    0.0096627593     0.0012450592    -0.0095438690    -0.0013639495
    0.0095438690     0.0020446111    -0.0093596551    -0.0022288249
    0.0093596551     0.0028724626    -0.0090979230    -0.0031341948
    0.0090979230     0.0037039345    -0.0087400579    -0.0040617996
    0.0087400579     0.0044979687    -0.0082612254    -0.0049768012
    0.0082612254     0.0051925631    -0.0076326797    -0.0058211088
    0.0076326797     0.0057027025    -0.0068277104    -0.0065076719
    0.0068277104     0.0059245388    -0.0058326797    -0.0069195695
    0.0058326797     0.0057521746    -0.0046635025    -0.0069213518
    0.0046635025     0.0051110146    -0.0033837993    -0.0063907178
    0.0033837993     0.0040136477    -0.0021158856    -0.0052815614
    0.0021158856     0.0026038252    -0.0010254212    -0.0036942895
    0.0010254212     0.0011951180    -0.0002805935    -0.0019399458
    0.0002805935     0.0001460436     0.0000000000    -0.0004266370
    0.0000000000    -0.0026040098    -0.0005222797     0.0031262895
    0.0005222797    -0.0050605203    -0.0015358050     0.0060740457
    0.0015358050    -0.0058762609    -0.0027044597     0.0070449156
    0.0027044597    -0.0059266411    -0.0038421719     0.0070643532
    0.0038421719    -0.0057215708    -0.0048705921     0.0067499910
    0.0048705921    -0.0054546926    -0.0057604465     0.0063445470
    0.0057604465    -0.0051533594    -0.0065067602     0.0058996731
    0.0065067602    -0.0048016161    -0.0071156851     0.0054105410
    0.0071156851    -0.0043912380    -0.0076000702     0.0048756231
    0.0076000702    -0.0039252945    -0.0079755062     0.0043007305
    0.0079755062    -0.0034105614    -0.0082579685     0.0036930237
    0.0082579685    -0.0028528647    -0.0084621506     0.0030570468
    0.0084621506    -0.0022554548    -0.0086008381     0.0023941423
    0.0086008381    -0.0016189192    -0.0086847087     0.0017027898
    0.0086847087    -0.0009416798    -0.0087223709     0.0009793421
    0.0087223709    -0.0002207839    -0.0087202806     0.0002186936
    0.0087202806     0.0005470439    -0.0086823894    -0.0005849351
    0.0086823894     0.0013639495    -0.0086093792    -0.0014369597
    0.0086093792     0.0022288249    -0.0084974493    -0.0023407547
    0.0084974493     0.0031341948    -0.0083367052    -0.0032949389
    0.0083367052     0.0040617996    -0.0081094040    -0.0042891007
    0.0081094040     0.0049768012    -0.0077886637    -0.0052975415
    0.0077886637     0.0058211088    -0.0073388091    -0.0062709634
    0.0073388091     0.0065076719    -0.0067192837    -0.0071271973
    0.0067192837     0.0069195695    -0.0058946206    -0.0077442325
    0.0058946206     0.0069213518    -0.0048527854    -0.0079631870
    0.0048527854     0.0063907178    -0.0036306648    -0.0076128383
    0.0036306648     0.0052815614    -0.0023392536    -0.0065729726
    0.0023392536     0.0036942895    -0.0011637882    -0.0048697550
    0.0011637882     0.0019399458    -0.0003245298    -0.0027792042
    0.0003245298     0.0004266370     0.0000000000    -0.0007511668
    0.0000000000    -0.0031262895    -0.0004410543     0.0035673438
    0.0004410543    -0.0060740457    -0.0013505205     0.0069835118
    0.0013505205    -0.0070449156    -0.0024247425     0.0081191377
    0.0024247425    -0.0070643532    -0.0034734463     0.0081130570
    0.0034734463    -0.0067499910    -0.0044084574     0.0076850021
    0.0044084574    -0.0063445470    -0.0051979852     0.0071340748
    0.0051979852    -0.0058996731    -0.0058409573     0.0065426451
    0.0058409573    -0.0054105410    -0.0063494258     0.0059190095
    0.0063494258    -0.0048756231    -0.0067409344     0.0052671318
    0.0067409344    -0.0043007305    -0.0070338280     0.0045936240
    0.0070338280    -0.0036930237    -0.0072452930     0.0039044887
    0.0072452930    -0.0030570468    -0.0073904013     0.0032021550
    0.0073904013    -0.0023941423    -0.0074820772     0.0024858183
    0.0074820772    -0.0017027898    -0.0075313206     0.0017520331
    0.0075313206    -0.0009793421    -0.0075474806     0.0009955021
    0.0075474806    -0.0002186936    -0.0075382956     0.0002095087
    0.0075382956     0.0005849351    -0.0075096002    -0.0006136305
    0.0075096002     0.0014369597    -0.0074645933    -0.0014819666
    0.0074645933     0.0023407547    -0.0074026042    -0.0024027439
    0.0074026042     0.0032949389    -0.0073173076    -0.0033802355
    0.0073173076     0.0042891007    -0.0071944512    -0.0044119571
    0.0071944512     0.0052975415    -0.0070094433    -0.0054825494
    0.0070094433     0.0062709634    -0.0067257355    -0.0065546712
    0.0067257355     0.0071271973    -0.0062959410    -0.0075569918
    0.0062959410     0.0077442325    -0.0056688115    -0.0083713620
    0.0056688115     0.0079631870    -0.0048062162    -0.0088257823
    0.0048062162     0.0076128383    -0.0037121996    -0.0087068550
    0.0037121996     0.0065729726    -0.0024707916    -0.0078143807
    0.0024707916     0.0048697550    -0.0012672904    -0.0060732562
    0.0012672904     0.0027792042    -0.0003634004    -0.0036830942
    0.0003634004     0.0007511668     0.0000000000    -0.0011145672
    0.0000000000    -0.0035673438    -0.0003364405     0.0039037842
    0.0003364405    -0.0069835118    -0.0011024772     0.0077495486
    0.0011024772    -0.0081191377    -0.0020469554     0.0090636159
    0.0020469554    -0.0081130570    -0.0029829264     0.0090490279
    0.0029829264    -0.0076850021    -0.0038129775     0.0085150533
    0.0038129775    -0.0071340748    -0.0045008157     0.0078219130
    0.0045008157    -0.0065426451    -0.0050464001     0.0070882295
    0.0050464001    -0.0059190095    -0.0054648288     0.0063374381
    0.0054648288    -0.0052671318    -0.0057758488     0.0055781518
    0.0057758488    -0.0045936240    -0.0059986815     0.0048164568
    0.0059986815    -0.0039044887    -0.0061504733     0.0040562805
    0.0061504733    -0.0032021550    -0.0062459313     0.0032976131
    0.0062459313    -0.0024858183    -0.0062976564     0.0025375433
    0.0062976564    -0.0017520331    -0.0063165617     0.0017709384
    0.0063165617    -0.0009955021    -0.0063122161     0.0009911565
    0.0063122161    -0.0002095087    -0.0062929380     0.0001902306
    0.0062929380     0.0006136305    -0.0062656007    -0.0006409678
    0.0062656007     0.0014819666    -0.0062350808    -0.0015124865
    0.0062350808     0.0024027439    -0.0062032626    -0.0024345621
    0.0062032626     0.0033802355    -0.0061674631    -0.0034160350
    0.0061674631     0.0044119571    -0.0061181480    -0.0044612723
    0.0061181480     0.0054825494    -0.0060359800    -0.0055647174
    0.0060359800     0.0065546712    -0.0058887119    -0.0067019392
    0.0058887119     0.0075569918    -0.0056295029    -0.0078162008
    0.0056295029     0.0083713620    -0.0051997962    -0.0088010688
    0.0051997962     0.0088257823    -0.0045421091    -0.0094834693
    0.0045421091     0.0087068550    -0.0036279152    -0.0096210489
    0.0036279152     0.0078143807    -0.0025031118    -0.0089391840
    0.0025031118     0.0060732562    -0.0013309445    -0.0072454235
    0.0013309445     0.0036830942    -0.0003954916    -0.0046185471
    0.0003954916     0.0011145672     0.0000000000    -0.0015100588
    0.0000000000    -0.0039037842    -0.0002187583     0.0041225425
    0.0002187583    -0.0077495486    -0.0008141383     0.0083449286
    0.0008141383    -0.0090636159    -0.0016037526     0.0098532302
    0.0016037526    -0.0090490279    -0.0024121813     0.0098574567
    0.0024121813    -0.0085150533    -0.0031338642     0.0092367362
    0.0031338642    -0.0078219130    -0.0037254915     0.0084135403
    0.0037254915    -0.0070882295    -0.0041845888     0.0075473269
    0.0041845888    -0.0063374381    -0.0045264189     0.0066792682
    0.0045264189    -0.0055781518    -0.0047709927     0.0058227257
    0.0047709927    -0.0048164568    -0.0049372883     0.0049827523
    0.0049372883    -0.0040562805    -0.0050418285     0.0041608208
    0.0050418285    -0.0032976131    -0.0050986444     0.0033544290
    0.0050986444    -0.0025375433    -0.0051197443     0.0025586432
    0.0051197443    -0.0017709384    -0.0051155738     0.0017667679
    0.0051155738    -0.0009911565    -0.0050953513     0.0009709340
    0.0050953513    -0.0001902306    -0.0050672130     0.0001620922
    0.0050672130     0.0006409678    -0.0050381592    -0.0006700215
    0.0050381592     0.0015124865    -0.0050137663    -0.0015368794
    0.0050137663     0.0024345621    -0.0049975589    -0.0024507695
    0.0049975589     0.0034160350    -0.0049898611    -0.0034237328
    0.0049898611     0.0044612723    -0.0049858673    -0.0044652661
    0.0049858673     0.0055647174    -0.0049727198    -0.0055778650
    0.0049727198     0.0067019392    -0.0049256406    -0.0067490184
    0.0049256406     0.0078162008    -0.0048040935    -0.0079377479
    0.0048040935     0.0088010688    -0.0045505458    -0.0090546166
    0.0045505458     0.0094834693    -0.0040975094    -0.0099365056
    0.0040975094     0.0096210489    -0.0033901867    -0.0103283716
    0.0033901867     0.0089391840    -0.0024330797    -0.0098962910
    0.0024330797     0.0072454235    -0.0013492839    -0.0083292194
    0.0013492839     0.0046185471    -0.0004196724    -0.0055481586
    0.0004196724     0.0015100588     0.0000000000    -0.0019297312
    0.0000000000    -0.0041225425    -0.0000974425     0.0042199850
    0.0000974425    -0.0083449286    -0.0005053361     0.0087528222
    0.0005053361    -0.0098532302    -0.0011224974     0.0104703915
    0.0011224974    -0.0098574567    -0.0017938382     0.0105287974
    0.0017938382    -0.0092367362    -0.0024077316     0.0098506296
    0.0024077316    -0.0084135403    -0.0029115906     0.0089173993
    0.0029115906    -0.0075473269    -0.0032969964     0.0079327327
    0.0032969964    -0.0066792682    -0.0035765965     0.0069588682
    0.0035765965    -0.0058227257    -0.0037690677     0.0060151969
    0.0037690677    -0.0049827523    -0.0038924117     0.0051060964
    0.0038924117    -0.0041608208    -0.0039622313     0.0042306403
    0.0039622313    -0.0033544290    -0.0039917166     0.0033839143
    0.0039917166    -0.0025586432    -0.0039920794     0.0025590060
    0.0039920794    -0.0017667679    -0.0039729775     0.0017476660
    0.0039729775    -0.0009709340    -0.0039428315     0.0009407880
    0.0039428315    -0.0001620922    -0.0039090334     0.0001282941
    0.0039090334     0.0006700215    -0.0038780521    -0.0007010028
    0.0038780521     0.0015368794    -0.0038554113    -0.0015595202
    0.0038554113     0.0024507695    -0.0038454362    -0.0024607445
    0.0038454362     0.0034237328    -0.0038505835    -0.0034185856
    0.0038505835     0.0044652661    -0.0038700441    -0.0044458054
    0.0038700441     0.0055778650    -0.0038972603    -0.0055506488
    0.0038972603     0.0067490184    -0.0039160181    -0.0067302606
    0.0039160181     0.0079377479    -0.0038954195    -0.0079583465
    0.0038954195     0.0090546166    -0.0037853405    -0.0091646955
    0.0037853405     0.0099365056    -0.0035175331    -0.0102043131
    0.0035175331     0.0103283716    -0.0030205998    -0.0108253048
    0.0030205998     0.0098962910    -0.0022618915    -0.0106549993
    0.0022618915     0.0083292194    -0.0013147810    -0.0092763299
    0.0013147810     0.0055481586    -0.0004313539    -0.0064315856
    0.0004313539     0.0019297312     0.0000000000    -0.0023610851
    0.0000000000    -0.0042199850     0.0000201035     0.0041998816
   -0.0000201035    -0.0087528222    -0.0001919576     0.0089648833
    0.0001919576    -0.0104703915    -0.0006241929     0.0109026268
    0.0006241929    -0.0105287974    -0.0011510953     0.0110556998
    0.0011510953    -0.0098506296    -0.0016584384     0.0103579727
    0.0016584384    -0.0089173993    -0.0020829689     0.0093419299
    0.0020829689    -0.0079327327    -0.0024071298     0.0082568935
    0.0024071298    -0.0069588682    -0.0026382400     0.0071899785
    0.0026382400    -0.0060151969    -0.0027921019     0.0061690587
    0.0027921019    -0.0051060964    -0.0028850723     0.0051990668
    0.0028850723    -0.0042306403    -0.0029315850     0.0042771530
    0.0029315850    -0.0033839143    -0.0029438584     0.0033961877
    0.0029438584    -0.0025590060    -0.0029321662     0.0025473139
    0.0029321662    -0.0017476660    -0.0029051920     0.0017206918
    0.0029051920    -0.0009407880    -0.0028703362     0.0009059323
    0.0028703362    -0.0001282941    -0.0028339966     0.0000919544
    0.0028339966     0.0007010028    -0.0028018169    -0.0007331824
    0.0028018169     0.0015595202    -0.0027788863    -0.0015824508
    0.0027788863     0.0024607445    -0.0027697926    -0.0024698383
    0.0027697926     0.0034185856    -0.0027783697    -0.0034100085
    0.0027783697     0.0044458054    -0.0028068477    -0.0044173274
    0.0028068477     0.0055506488    -0.0028540061    -0.0055034905
    0.0028540061     0.0067302606    -0.0029117560    -0.0066725107
    0.0029117560     0.0079583465    -0.0029598731    -0.0079102294
    0.0029598731     0.0091646955    -0.0029593710    -0.0091651977
    0.0029593710     0.0102043131    -0.0028484926    -0.0103151914
    0.0028484926     0.0108253048    -0.0025492640    -0.0111245335
    0.0025492640     0.0106549993    -0.0020006519    -0.0112036114
    0.0020006519     0.0092763299    -0.0012255087    -0.0100514732
    0.0012255087     0.0064315856    -0.0004272761    -0.0072298182
    0.0004272761     0.0023610851     0.0000000000    -0.0027883612
    0.0000000000    -0.0041998816     0.0001283284     0.0040715532
   -0.0001283284    -0.0089648833     0.0001136391     0.0089795726
   -0.0001136391    -0.0109026268    -0.0001244975     0.0111407634
    0.0001244975    -0.0110556998    -0.0004995398     0.0114307422
    0.0004995398    -0.0103579727    -0.0008997183     0.0107581511
    0.0008997183    -0.0093419299    -0.0012510806     0.0096932922
    0.0012510806    -0.0082568935    -0.0015243740     0.0085301869
    0.0015243740    -0.0071899785    -0.0017189386     0.0073845432
    0.0017189386    -0.0061690587    -0.0018460084     0.0062961284
    0.0018460084    -0.0051990668    -0.0019194678     0.0052725262
    0.0019194678    -0.0042771530    -0.0019522427     0.0043099279
    0.0019522427    -0.0033961877    -0.0019554376     0.0033993826
    0.0019554376    -0.0025473139    -0.0019383197     0.0025301959
    0.0019383197    -0.0017206918    -0.0019085678     0.0016909399
    0.0019085678    -0.0009059323    -0.0018725683     0.0008699328
    0.0018725683    -0.0000919544    -0.0018357553     0.0000551414
    0.0018357553     0.0007331824    -0.0018029696    -0.0007659682
    0.0018029696     0.0015824508    -0.0017788120    -0.0016066084
    0.0017788120     0.0024698383    -0.0017679098    -0.0024807405
    0.0017679098     0.0034100085    -0.0017749729    -0.0034029454
    0.0017749729     0.0044173274    -0.0018044042    -0.0043878960
    0.0018044042     0.0055034905    -0.0018591117    -0.0054487830
    0.0018591117     0.0066725107    -0.0019378656    -0.0065937568
    0.0019378656     0.0079102294    -0.0020305306    -0.0078175644
    0.0020305306     0.0091651977    -0.0021106145    -0.0090851137
    0.0021106145     0.0103151914    -0.0021275327    -0.0102982732
    0.0021275327     0.0111245335    -0.0020052548    -0.0112468114
    0.0020052548     0.0112036114    -0.0016646029    -0.0115442634
    0.0016646029     0.0100514732    -0.0010833526    -0.0106327234
    0.0010833526     0.0072298182    -0.0004047745    -0.0079083963
    0.0004047745     0.0027883612     0.0000000000    -0.0031931358
    0.0000000000    -0.0040715532     0.0002232678     0.0038482854
   -0.0002232678    -0.0089795726     0.0004017900     0.0088010504
   -0.0004017900    -0.0111407634     0.0003646894     0.0111778640
   -0.0003646894    -0.0114307422     0.0001504871     0.0116449445
   -0.0001504871    -0.0107581511    -0.0001381960     0.0110468342
    0.0001381960    -0.0096932922    -0.0004184049     0.0099735011
    0.0004184049    -0.0085301869    -0.0006476118     0.0087593938
    0.0006476118    -0.0073845432    -0.0008147069     0.0075516383
    0.0008147069    -0.0062961284    -0.0009244286     0.0064058501
    0.0009244286    -0.0052725262    -0.0009870697     0.0053351673
    0.0009870697    -0.0043099279    -0.0010135207     0.0043363790
    0.0010135207    -0.0033993826    -0.0010135711     0.0033994329
    0.0010135711    -0.0025301959    -0.0009954607     0.0025120856
    0.0009954607    -0.0016909399    -0.0009659579     0.0016614371
    0.0009659579    -0.0008699328    -0.0009306130     0.0008345879
    0.0009306130    -0.0000551414    -0.0008941292     0.0000186577
    0.0008941292     0.0007659682    -0.0008607856    -0.0007993118
    0.0008607856     0.0016066084    -0.0008348795    -0.0016325146
    0.0008348795     0.0024807405    -0.0008211151    -0.0024945049
    0.0008211151     0.0034029454    -0.0008248554    -0.0033992051
    0.0008248554     0.0043878960    -0.0008520641    -0.0043606874
    0.0008520641     0.0054487830    -0.0009086816    -0.0053921654
    0.0009086816     0.0065937568    -0.0009988227    -0.0065036157
    0.0009988227     0.0078175644    -0.0011209471    -0.0076954399
    0.0011209471     0.0090851137    -0.0012606387    -0.0089454221
    0.0012606387     0.0102982732    -0.0013806963    -0.0101782157
    0.0013806963     0.0112468114    -0.0014132216    -0.0112142861
    0.0014132216     0.0115442634    -0.0012705226    -0.0116869623
    0.0012705226     0.0106327234    -0.0008939963    -0.0110092498
    0.0008939963     0.0079083963    -0.0003629886    -0.0084394040
    0.0003629886     0.0031931358     0.0000000000    -0.0035561244
    0.0000000000    -0.0038482854     0.0003021427     0.0035461426
   -0.0003021427    -0.0088010504     0.0006644274     0.0084387657
   -0.0006644274    -0.0111778640     0.0008332110     0.0110090803
   -0.0008332110    -0.0116449445     0.0007909953     0.0116871602
   -0.0007909953    -0.0110468342     0.0006230561     0.0112147734
   -0.0006230561    -0.0099735011     0.0004176509     0.0101789062
   -0.0004176509    -0.0087593938     0.0002307919     0.0089462529
   -0.0002307919    -0.0075516383     0.0000860619     0.0076963682
   -0.0000860619    -0.0064058501    -0.0000126974     0.0065046094
    0.0000126974    -0.0053351673    -0.0000707297     0.0053931996
    0.0000707297    -0.0043363790    -0.0000960940     0.0043617433
    0.0000960940    -0.0033994329    -0.0000969312     0.0034002701
    0.0000969312    -0.0025120856    -0.0000804167     0.0024955711
    0.0000804167    -0.0016614371    -0.0000525576     0.0016335779
    0.0000525576    -0.0008345879    -0.0000183406     0.0008003709
    0.0000183406    -0.0000186577     0.0000179196    -0.0000176024
   -0.0000179196     0.0007993118     0.0000521438    -0.0008335360
   -0.0000521438     0.0016325146     0.0000800179    -0.0016603887
   -0.0000800179     0.0024945049     0.0000965559    -0.0025110429
   -0.0000965559     0.0033992051     0.0000957518    -0.0033984010
   -0.0000957518     0.0043606874     0.0000704311    -0.0043353667
   -0.0000704311     0.0053921654     0.0000124537    -0.0053341880
   -0.0000124537     0.0065036157    -0.0000862391    -0.0064049229
    0.0000862391     0.0076954399    -0.0002308921    -0.0075507870
    0.0002308921     0.0089454221    -0.0004176681    -0.0087586460
    0.0004176681     0.0101782157    -0.0006229954    -0.0099728884
    0.0006229954     0.0112142861    -0.0007908786    -0.0110464029
    0.0007908786     0.0116869623    -0.0008330744    -0.0116447666
    0.0008330744     0.0110092498    -0.0006643070    -0.0111780172
    0.0006643070     0.0084394040    -0.0003020684    -0.0088016425
    0.0003020684     0.0035561244     0.0000000000    -0.0038581928
    0.0000000000    -0.0035461426     0.0003630479     0.0031830947
   -0.0003630479    -0.0084387657     0.0008941094     0.0079077042
   -0.0008941094    -0.0110090803     0.0012706658     0.0106325239
   -0.0012706658    -0.0116871602     0.0014133597     0.0115444663
   -0.0014133597    -0.0112147734     0.0013807921     0.0112473410
   -0.0013807921    -0.0101789062     0.0012606666     0.0102990317
   -0.0012606666    -0.0089462529     0.0011208969     0.0090860226
   -0.0011208969    -0.0076963682     0.0009986958     0.0078185693
   -0.0009986958    -0.0065046094     0.0009084852     0.0065948200
   -0.0009084852    -0.0053931996     0.0008518076     0.0054498772
   -0.0008518076    -0.0043617433     0.0008245486     0.0043890024
   -0.0008245486    -0.0034002701     0.0008207673     0.0034040514
   -0.0008207673    -0.0024955711     0.0008344996     0.0024818388
   -0.0008344996    -0.0016335779     0.0008603819     0.0016076956
   -0.0008603819    -0.0008003709     0.0008937094     0.0007670433
   -0.0008937094     0.0000176024     0.0009301850    -0.0000540780
   -0.0009301850     0.0008335360     0.0009655301    -0.0008688810
   -0.0009655301     0.0016603887     0.0009950423    -0.0016899009
   -0.0009950423     0.0025110429     0.0010131720    -0.0025291727
   -0.0010131720     0.0033984010     0.0010131521    -0.0033983810
   -0.0010131521     0.0043353667     0.0009867427    -0.0043089573
   -0.0009867427     0.0053341880     0.0009241550    -0.0052716003
   -0.0009241550     0.0064049229     0.0008144981    -0.0062952660
   -0.0008144981     0.0075507870     0.0006474783    -0.0073837672
   -0.0006474783     0.0087586460     0.0004183536    -0.0085295214
   -0.0004183536     0.0099728884     0.0001382243    -0.0096927591
   -0.0001382243     0.0110464029    -0.0001503980    -0.0107577805
    0.0001503980     0.0116447666    -0.0003645733    -0.0114305913
    0.0003645733     0.0111780172    -0.0004016812    -0.0111409093
    0.0004016812     0.0088016425    -0.0002231951    -0.0089801286
    0.0002231951     0.0038581928     0.0000000000    -0.0040813880
    0.0000000000    -0.0031830947     0.0004048502     0.0027782444
   -0.0004048502    -0.0079077042     0.0010835103     0.0072290442
   -0.0010835103    -0.0106325239     0.0016648161     0.0100512182
   -0.0016648161    -0.0115444663     0.0020054782     0.0112038042
   -0.0020054782    -0.0112473410     0.0021277164     0.0111251028
   -0.0021277164    -0.0102990317     0.0021107212     0.0103160269
   -0.0021107212    -0.0090860226     0.0020305423     0.0091662015
   -0.0020305423    -0.0078185693     0.0019377806     0.0079113311
   -0.0019377806    -0.0065948200     0.0018589379     0.0066736626
   -0.0018589379    -0.0054498772     0.0018041535     0.0055046616
   -0.0018041535    -0.0043890024     0.0017746579     0.0044184980
   -0.0017746579    -0.0034040514     0.0017675423     0.0034111669
   -0.0017675423    -0.0024818388     0.0017784028     0.0024709784
   -0.0017784028    -0.0016076956     0.0018025283     0.0015835701
   -0.0018025283    -0.0007670433     0.0018352914     0.0007342802
   -0.0018352914     0.0000540780     0.0018720915    -0.0000908781
   -0.0018720915     0.0008688810     0.0019080884    -0.0009048779
   -0.0019080884     0.0016899009     0.0019378489    -0.0017196615
   -0.0019378489     0.0025291727     0.0019549878    -0.0025463116
   -0.0019549878     0.0033983810     0.0019518267    -0.0033952199
   -0.0019518267     0.0043089573     0.0019190987    -0.0042762293
   -0.0019190987     0.0052716003     0.0018456991    -0.0051982007
   -0.0018456991     0.0062952660     0.0017187018    -0.0061682686
   -0.0017187018     0.0073837672     0.0015242210    -0.0071892865
   -0.0015242210     0.0085295214     0.0012510200    -0.0082563203
   -0.0012510200     0.0096927591     0.0008997480    -0.0093414871
   -0.0008997480     0.0107577805     0.0004996398    -0.0103576722
   -0.0004996398     0.0114305913     0.0001246293    -0.0110555808
   -0.0001246293     0.0111409093    -0.0001135154    -0.0109027646
    0.0001135154     0.0089801286    -0.0001282449    -0.0089653991
    0.0001282449     0.0040813880     0.0000000000    -0.0042096329
    0.0000000000    -0.0027782444     0.0004273214     0.0023509231
   -0.0004273214    -0.0072290442     0.0012256425     0.0064307230
   -0.0012256425    -0.0100512182     0.0020008600     0.0092760006
   -0.0020008600    -0.0112038042     0.0025495029     0.0106551614
   -0.0025495029    -0.0111251028     0.0028487106     0.0108258951
   -0.0028487106    -0.0103160269     0.0029595263     0.0102052111
   -0.0029595263    -0.0091662015     0.0029599415     0.0091657864
   -0.0029599415    -0.0079113311     0.0029117285     0.0079595440
   -0.0029117285    -0.0066736626     0.0028538844     0.0067315067
   -0.0028538844    -0.0055046616     0.0028066389     0.0055519071
   -0.0028066389    -0.0044184980     0.0027780831     0.0044470538
   -0.0027780831    -0.0034111669     0.0027694388     0.0034198113
   -0.0027694388    -0.0024709784     0.0027784761     0.0024619410
   -0.0027784761    -0.0015835701     0.0028013617     0.0015606845
   -0.0028013617    -0.0007342802     0.0028335083     0.0007021336
   -0.0028335083     0.0000908781     0.0028698278    -0.0001271976
   -0.0028698278     0.0009048779     0.0029046773    -0.0009397275
   -0.0029046773     0.0017196615     0.0029316604    -0.0017466445
   -0.0029316604     0.0025463116     0.0029433771    -0.0025580283
   -0.0029433771     0.0033952199     0.0029311440    -0.0033829868
   -0.0029311440     0.0042762293     0.0028846870    -0.0042297723
   -0.0028846870     0.0051982007     0.0027917866    -0.0051053003
   -0.0027917866     0.0061682686     0.0026380080    -0.0060144901
   -0.0026380080     0.0071892865     0.0024069926    -0.0069582711
   -0.0024069926     0.0082563203     0.0020829341    -0.0079322617
   -0.0020829341     0.0093414871     0.0016585019    -0.0089170550
   -0.0016585019     0.0103576722     0.0011512325    -0.0098504029
   -0.0011512325     0.0110555808     0.0006243579    -0.0105287061
   -0.0006243579     0.0109027646     0.0001921027    -0.0104705094
   -0.0001921027     0.0089653991    -0.0000200116    -0.0087532848
    0.0000200116     0.0042096329     0.0000000000    -0.0042296444
    0.0000000000    -0.0023509231     0.0004314611     0.0019194620
   -0.0004314611    -0.0064307230     0.0013150285     0.0055471556
   -0.0013150285    -0.0092760006     0.0022622515     0.0083287777
   -0.0022622515    -0.0106551614     0.0030210093     0.0098964035
   -0.0030210093    -0.0108258951     0.0035179174     0.0103289870
   -0.0035179174    -0.0102052111     0.0037856366     0.0099374920
   -0.0037856366    -0.0091657864     0.0038955877     0.0090558352
   -0.0038955877    -0.0079595440     0.0039160434     0.0079390882
   -0.0039160434    -0.0067315067     0.0038971461     0.0067504041
   -0.0038971461    -0.0055519071     0.0038698045     0.0055792488
   -0.0038698045    -0.0044470538     0.0038502370     0.0044666212
   -0.0038502370    -0.0034198113     0.0038450025     0.0034250458
   -0.0038450025    -0.0024619410     0.0038549090     0.0024520345
   -0.0038549090    -0.0015606845     0.0038774993     0.0015380943
   -0.0038774993    -0.0007021336     0.0039084475     0.0006711854
   -0.0039084475     0.0001271976     0.0039422301    -0.0001609803
   -0.0039422301     0.0009397275     0.0039723788    -0.0009698762
   -0.0039723788     0.0017466445     0.0039915019    -0.0017657675
   -0.0039915019     0.0025580283     0.0039911785    -0.0025577050
   -0.0039911785     0.0033829868     0.0039617506    -0.0033535589
   -0.0039617506     0.0042297723     0.0038920052    -0.0041600269
   -0.0038920052     0.0051053003     0.0037687507    -0.0049820458
   -0.0037687507     0.0060144901     0.0035763829    -0.0058221222
   -0.0035763829     0.0069582711     0.0032968972    -0.0066787855
   -0.0032968972     0.0079322617     0.0029116113    -0.0075469758
   -0.0029116113     0.0089170550     0.0024078641    -0.0084133077
   -0.0024078641     0.0098504029     0.0017940498    -0.0092365885
   -0.0017940498     0.0105287061     0.0011227292    -0.0098573855
   -0.0011227292     0.0104705094     0.0005055262    -0.0098533064
   -0.0005055262     0.0087532848     0.0000975512    -0.0083453099
   -0.0000975512     0.0042296444     0.0000000000    -0.0041320932
    0.0000000000    -0.0019194620     0.0004197019     0.0014997601
   -0.0004197019    -0.0055471556     0.0013494436     0.0046174138
   -0.0013494436    -0.0083287777     0.0024333616     0.0072448597
   -0.0024333616    -0.0098964035     0.0033905351     0.0089392300
   -0.0033905351    -0.0103289870     0.0040978572     0.0096216649
   -0.0040978572    -0.0099374920     0.0045508347     0.0094845144
   -0.0045508347    -0.0090558352     0.0048042848     0.0088023852
   -0.0048042848    -0.0079390882     0.0049257146     0.0078176584
   -0.0049257146    -0.0067504041     0.0049726714     0.0067034473
   -0.0049726714    -0.0055792488     0.0049857006     0.0055662195
   -0.0049857006    -0.0044666212     0.0049895856     0.0044627363
   -0.0049895856    -0.0034250458     0.0049971876     0.0034174438
   -0.0049971876    -0.0024520345     0.0050133147     0.0024359073
   -0.0050133147    -0.0015380943     0.0050376452     0.0015137638
   -0.0050376452    -0.0006711854     0.0050666563     0.0006421743
   -0.0050666563     0.0001609803     0.0050947735    -0.0001890975
   -0.0050947735     0.0009698762     0.0051149974    -0.0009901001
   -0.0051149974     0.0017657675     0.0051191923    -0.0017699625
   -0.0051191923     0.0025577050     0.0050981393    -0.0025366520
   -0.0050981393     0.0033535589     0.0050413918    -0.0032968114
   -0.0050413918     0.0041600269     0.0049369399    -0.0040555750
   -0.0049369399     0.0049820458     0.0047707506    -0.0048158565
   -0.0047707506     0.0058221222     0.0045262984    -0.0055776700
   -0.0045262984     0.0066787855     0.0041846012    -0.0063370882
   -0.0041846012     0.0075469758     0.0037256393    -0.0070880139
   -0.0037256393     0.0084133077     0.0031341322    -0.0078218006
   -0.0031341322     0.0092365885     0.0024125244    -0.0085149807
   -0.0024125244     0.0098573855     0.0016040943    -0.0090489554
   -0.0016040943     0.0098533064     0.0008143993    -0.0090636114
   -0.0008143993     0.0083453099     0.0002188946    -0.0077498051
   -0.0002188946     0.0041320932     0.0000000000    -0.0039131987
    0.0000000000    -0.0014997601     0.0003957135     0.0011040466
   -0.0003957135    -0.0046174138     0.0013313901     0.0036817373
   -0.0013313901    -0.0072448597     0.0025037231     0.0060725267
   -0.0025037231    -0.0089392300     0.0036286005     0.0078143527
   -0.0036286005    -0.0096216649     0.0045427684     0.0087074969
   -0.0045427684    -0.0094845144     0.0052003427     0.0088269402
   -0.0052003427    -0.0088023852     0.0056298766     0.0083728513
   -0.0056298766    -0.0078176584     0.0058888831     0.0075586520
   -0.0058888831    -0.0067034473     0.0060359456     0.0065563847
   -0.0060359456    -0.0055662195     0.0061179243     0.0054842408
   -0.0061179243    -0.0044627363     0.0061670777     0.0044135829
   -0.0061670777    -0.0034174438     0.0062027479     0.0033817737
   -0.0062027479    -0.0024359073     0.0062344704     0.0024041848
   -0.0062344704    -0.0015137638     0.0062649273     0.0014833069
   -0.0062649273    -0.0006421743     0.0062922327     0.0006148689
   -0.0062922327     0.0001890975     0.0063115084    -0.0002083732
   -0.0063115084     0.0009901001     0.0063158797    -0.0009944713
   -0.0063158797     0.0017699625     0.0062970264    -0.0017511092
   -0.0062970264     0.0025366520     0.0062453783    -0.0024850039
   -0.0062453783     0.0032968114     0.0061500204    -0.0032014534
   -0.0061500204     0.0040555750     0.0059983499    -0.0039039045
   -0.0059983499     0.0048158565     0.0057756575    -0.0045931642
   -0.0057756575     0.0055776700     0.0054647931    -0.0052668057
   -0.0054647931     0.0063370882     0.0050465288    -0.0059188238
   -0.0050465288     0.0070880139     0.0045011047    -0.0065425899
   -0.0045011047     0.0078218006     0.0038134002    -0.0071340962
   -0.0038134002     0.0085149807     0.0029834214    -0.0076850019
   -0.0029834214     0.0090489554     0.0020474250    -0.0081129591
   -0.0020474250     0.0090636114     0.0011028173    -0.0081190037
   -0.0011028173     0.0077498051     0.0003365919    -0.0069835797
   -0.0003365919     0.0039131987     0.0000000000    -0.0035766067
    0.0000000000    -0.0011040466     0.0003633416     0.0007407051
   -0.0003633416    -0.0036817373     0.0012673873     0.0027776916
   -0.0012673873    -0.0060725267     0.0024710453     0.0048688686
   -0.0024710453    -0.0078143527     0.0037125428     0.0065728552
   -0.0037125428    -0.0087074969     0.0048065805     0.0076134592
   -0.0048065805    -0.0088269402     0.0056691393     0.0079643814
   -0.0056691393    -0.0083728513     0.0062961923     0.0077457983
   -0.0062961923    -0.0075586520     0.0067258869     0.0071289574
   -0.0067258869    -0.0065563847     0.0070094847     0.0062727869
   -0.0070094847    -0.0054842408     0.0071943817     0.0052993438
   -0.0071943817    -0.0044135829     0.0073171328     0.0042908318
   -0.0073171328    -0.0033817737     0.0074023345     0.0032965719
   -0.0074023345    -0.0024041848     0.0074642436     0.0023422757
   -0.0074642436    -0.0014833069     0.0075091895     0.0014383610
   -0.0075091895    -0.0006148689     0.0075378468     0.0005862117
   -0.0075378468     0.0002083732     0.0075470194    -0.0002175459
   -0.0075470194     0.0009944713     0.0075308749    -0.0009783268
   -0.0075308749     0.0017511092     0.0074816757    -0.0017019100
   -0.0074816757     0.0024850039     0.0073900725    -0.0023934008
   -0.0073900725     0.0032014534     0.0072450652    -0.0030564460
   -0.0072450652     0.0039039045     0.0070337277    -0.0036925670
   -0.0070337277     0.0045931642     0.0067409860    -0.0043004224
   -0.0067409860     0.0052668057     0.0063496481    -0.0048754678
   -0.0063496481     0.0059188238     0.0058413597    -0.0054105354
   -0.0058413597     0.0065425899     0.0051985599    -0.0058997900
   -0.0051985599     0.0071340962     0.0044091678    -0.0063447041
   -0.0044091678     0.0076850019     0.0034742138    -0.0067500478
   -0.0034742138     0.0081129591     0.0024254452    -0.0070641906
   -0.0024254452     0.0081190037     0.0013510326    -0.0070445911
   -0.0013510326     0.0069835797     0.0004413106    -0.0060738577
   -0.0004413106     0.0035766067     0.0000000000    -0.0031352961
    0.0000000000    -0.0007407051     0.0003250616     0.0004156435
   -0.0003250616    -0.0027776916     0.0011645929     0.0019381602
   -0.0011645929    -0.0048688686     0.0023401966     0.0036932649
   -0.0023401966    -0.0065728552     0.0036316352     0.0052814166
   -0.0036316352    -0.0076134592     0.0048536866     0.0063914078
   -0.0048536866    -0.0079643814     0.0058953741     0.0069226939
   -0.0058953741    -0.0077457983     0.0067198343     0.0069213381
   -0.0067198343    -0.0071289574     0.0073391269     0.0065096648
   -0.0073391269    -0.0062727869     0.0077887428     0.0058231710
   -0.0077887428    -0.0052993438     0.0081092591     0.0049788275
   -0.0081092591    -0.0042908318     0.0083363655     0.0040637254
   -0.0083363655    -0.0032965719     0.0084969534     0.0031359840
   -0.0084969534    -0.0023422757     0.0086087701     0.0022304590
   -0.0086087701    -0.0014383610     0.0086817112     0.0013654199
   -0.0086817112    -0.0005862117     0.0087195765     0.0005483464
   -0.0087195765     0.0002175459     0.0087216818    -0.0002196512
   -0.0087216818     0.0009783268     0.0086840733    -0.0009407183
   -0.0086840733     0.0017019100     0.0086002930    -0.0016181297
   -0.0086002930     0.0023934008     0.0084617306    -0.0022548383
   -0.0084617306     0.0030564460     0.0082577064    -0.0028524218
   -0.0082577064     0.0036925670     0.0079754319    -0.0034102925
   -0.0079754319     0.0043004224     0.0076002080    -0.0039251985
   -0.0076002080     0.0048754678     0.0071160490    -0.0043913089
   -0.0071160490     0.0054105354     0.0065073473    -0.0048018337
   -0.0065073473     0.0058997900     0.0057612276    -0.0051536703
   -0.0057612276     0.0063447041     0.0048715012    -0.0054549777
   -0.0048715012     0.0067500478     0.0038430975    -0.0057216441
   -0.0038430975     0.0070641906     0.0027052453    -0.0059263384
   -0.0027052453     0.0070445911     0.0015362821    -0.0058756278
   -0.0015362821     0.0060738577     0.0005223711    -0.0050599467
   -0.0005223711     0.0031352961     0.0000000000    -0.0026129250
    0.0000000000    -0.0004156435     0.0002799958     0.0001356477
   -0.0002799958    -0.0019381602     0.0010248840     0.0011932720
   -0.0010248840    -0.0036932649     0.0021155002     0.0026026487
   -0.0021155002    -0.0052814166     0.0033835301     0.0040133867
   -0.0033835301    -0.0063914078     0.0046633310     0.0051116069
   -0.0046633310    -0.0069226939     0.0058325882     0.0057534367
   -0.0058325882    -0.0069213381     0.0068276807     0.0059262457
   -0.0068276807    -0.0065096648     0.0076326917     0.0057046537
   -0.0076326917    -0.0058231710     0.0082612592     0.0051946036
   -0.0082612592    -0.0049788275     0.0087400954     0.0044999912
   -0.0087400954    -0.0040637254     0.0090979498     0.0037058711
   -0.0090979498    -0.0031359840     0.0093596614     0.0028742723
   -0.0093596614    -0.0022304590     0.0095438507     0.0020462697
   -0.0095438507    -0.0013654199     0.0096627191     0.0012465514
   -0.0096627191    -0.0005483464     0.0097228149     0.0004882507
   -0.0097228149     0.0002196512     0.0097260562    -0.0002228925
   -0.0097260562     0.0009407183     0.0096706400    -0.0008853021
   -0.0096706400     0.0016181297     0.0095517115    -0.0014992012
   -0.0095517115     0.0022548383     0.0093617973    -0.0020649242
   -0.0093617973     0.0028524218     0.0090911526    -0.0025817772
   -0.0090911526     0.0034102925     0.0087281668    -0.0030473067
   -0.0087281668     0.0039251985     0.0082601643    -0.0034571960
   -0.0082601643     0.0043913089     0.0076746881    -0.0038058327
   -0.0076746881     0.0048018337     0.0069616784    -0.0040888240
   -0.0069616784     0.0051536703     0.0061157995    -0.0043077914
   -0.0061157995     0.0054549777     0.0051390259    -0.0044782042
   -0.0051390259     0.0057216441     0.0040416538    -0.0046242720
   -0.0040416538     0.0059263384     0.0028510366    -0.0047357212
   -0.0028510366     0.0058756278     0.0016350619    -0.0046596532
   -0.0016350619     0.0050599467     0.0005689557    -0.0039938405
   -0.0005689557     0.0026129250     0.0000000000    -0.0020439693
    0.0000000000    -0.0001356477     0.0002235720    -0.0000879243
   -0.0002235720    -0.0011932720     0.0008423798     0.0005744642
   -0.0008423798    -0.0026026487     0.0017947757     0.0016502528
   -0.0017947757    -0.0040133867     0.0029681445     0.0028400179
   -0.0029681445    -0.0051116069     0.0042287519     0.0038509995
   -0.0042287519    -0.0057534367     0.0054574674     0.0045247212
   -0.0054574674    -0.0059262457     0.0065734782     0.0048102349
   -0.0065734782    -0.0057046537     0.0075358253     0.0047423066
   -0.0075358253    -0.0051946036     0.0083341688     0.0043962601
   -0.0083341688    -0.0044999912     0.0089766327     0.0038575273
   -0.0089766327    -0.0037058711     0.0094797118     0.0032027920
   -0.0094797118    -0.0028742723     0.0098614745     0.0024925096
   -0.0098614745    -0.0020462697     0.0101377597     0.0017699845
   -0.0101377597    -0.0012465514     0.0103204929     0.0010638183
   -0.0103204929    -0.0004882507     0.0104172668     0.0003914768
   -0.0104172668     0.0002228925     0.0104315637    -0.0002371894
   -0.0104315637     0.0008853021     0.0103632320    -0.0008169704
   -0.0103632320     0.0014992012     0.0102090514    -0.0013450206
   -0.0102090514     0.0020649242     0.0099633359    -0.0018192087
   -0.0099633359     0.0025817772     0.0096186670    -0.0022371083
   -0.0096186670     0.0030473067     0.0091668250    -0.0025954647
   -0.0091668250     0.0034571960     0.0086001168    -0.0028904878
   -0.0086001168     0.0038058327     0.0079130230    -0.0031187389
   -0.0079130230     0.0040888240     0.0071042759    -0.0032800768
   -0.0071042759     0.0043077914     0.0061783598    -0.0033818753
   -0.0061783598     0.0044782042     0.0051459624    -0.0034458068
   -0.0051459624     0.0046242720     0.0040218299    -0.0035001395
   -0.0040218299     0.0047357212     0.0028301594    -0.0035440507
   -0.0028301594     0.0046596532     0.0016275444    -0.0034570381
   -0.0016275444     0.0039938405     0.0005724003    -0.0029386964
   -0.0005724003     0.0020439693     0.0000000000    -0.0014715690
    0.0000000000     0.0000879243     0.0001485227    -0.0002364471
   -0.0001485227    -0.0005744642     0.0006059650     0.0001170219
   -0.0006059650    -0.0016502528     0.0013703290     0.0008858889
   -0.0013703290    -0.0028400179     0.0023854677     0.0018248792
   -0.0023854677    -0.0038509995     0.0035545590     0.0026819082
   -0.0035545590    -0.0045247212     0.0047713916     0.0033078886
   -0.0047713916    -0.0048102349     0.0059471182     0.0036345083
   -0.0059471182    -0.0047423066     0.0070212226     0.0036682023
   -0.0070212226    -0.0043962601     0.0079606496     0.0034568331
   -0.0079606496    -0.0038575273     0.0087530392     0.0030651377
   -0.0087530392    -0.0032027920     0.0093989915     0.0025568397
   -0.0093989915    -0.0024925096     0.0099055983     0.0019859029
   -0.0099055983    -0.0017699845     0.0102819234     0.0013936593
   -0.0102819234    -0.0010638183     0.0105362721     0.0008094695
   -0.0105362721    -0.0003914768     0.0106748133     0.0002529357
   -0.0106748133     0.0002371894     0.0107011228    -0.0002634989
   -0.0107011228     0.0008169704     0.0106163120    -0.0007321596
   -0.0106163120     0.0013450206     0.0104195365    -0.0011482451
   -0.0104195365     0.0018192087     0.0101087643    -0.0015084365
   -0.0101087643     0.0022371083     0.0096817777    -0.0018101217
   -0.0096817777     0.0025954647     0.0091373568    -0.0020510437
   -0.0091373568     0.0028904878     0.0084766402    -0.0022297712
   -0.0084766402     0.0031187389     0.0077044373    -0.0023465361
   -0.0077044373     0.0032800768     0.0068303173    -0.0024059569
   -0.0068303173     0.0033818753     0.0058684697    -0.0024200276
   -0.0058684697     0.0034458068     0.0048356947    -0.0024130318
   -0.0048356947     0.0035001395     0.0037473130    -0.0024117578
   -0.0037473130     0.0035440507     0.0026214156    -0.0024181534
   -0.0026214156     0.0034570381     0.0015026653    -0.0023382878
   -0.0015026653     0.0029386964     0.0005281684    -0.0019641995
   -0.0005281684     0.0014715690     0.0000000000    -0.0009434007
    0.0000000000     0.0002364471     0.0000530671    -0.0002895142
   -0.0000530671    -0.0001170219     0.0003188589    -0.0001487699
   -0.0003188589    -0.0008858889     0.0008566474     0.0003481004
   -0.0008566474    -0.0018248792     0.0016647977     0.0010167288
   -0.0016647977    -0.0026819082     0.0026830967     0.0016636093
   -0.0026830967    -0.0033078886     0.0038229409     0.0021680443
   -0.0038229409    -0.0036345083     0.0049941491     0.0024633002
   -0.0049941491    -0.0036682023     0.0061224013     0.0025399500
   -0.0061224013    -0.0034568331     0.0071550340     0.0024242004
   -0.0071550340    -0.0030651377     0.0080595669     0.0021606048
   -0.0080595669    -0.0025568397     0.0088190310     0.0017973756
   -0.0088190310    -0.0019859029     0.0094268089     0.0013781250
   -0.0094268089    -0.0013936593     0.0098823174     0.0009381508
   -0.0098823174    -0.0008094695     0.0101879466     0.0005038403
   -0.0101879466    -0.0002529357     0.0103472035     0.0000936788
   -0.0103472035     0.0002634989     0.0103638257    -0.0002801211
   -0.0103638257     0.0007321596     0.0102416001    -0.0006099340
   -0.0102416001     0.0011482451     0.0099846635    -0.0008913085
   -0.0099846635     0.0015084365     0.0095981062    -0.0011218792
   -0.0095981062     0.0018101217     0.0090887438    -0.0013007593
   -0.0090887438     0.0020510437     0.0084659023    -0.0014282022
   -0.0084659023     0.0022297712     0.0077420519    -0.0015059208
   -0.0077420519     0.0023465361     0.0069330251    -0.0015375092
   -0.0069330251     0.0024059569     0.0060575015    -0.0015304333
   -0.0060575015     0.0024200276     0.0051350768    -0.0014976029
   -0.0051350768     0.0024130318     0.0041825327    -0.0014604877
   -0.0041825327     0.0024117578     0.0032099991    -0.0014392242
   -0.0032099991     0.0024181534     0.0022264981    -0.0014346524
   -0.0022264981     0.0023382878     0.0012653173    -0.0013771070
   -0.0012653173     0.0019641995     0.0004393914    -0.0011382736
   -0.0004393914     0.0009434007     0.0000000000    -0.0005040093
    0.0000000000     0.0002895142    -0.0000525408    -0.0002369733
    0.0000525408     0.0001487699     0.0000123727    -0.0002136834
   -0.0000123727    -0.0003481004     0.0003089677     0.0000515054
   -0.0003089677    -0.0010167288     0.0008828131     0.0004428834
   -0.0008828131    -0.0016636093     0.0017064450     0.0008399774
   -0.0017064450    -0.0021680443     0.0027101983     0.0011642910
   -0.0027101983    -0.0024633002     0.0038069536     0.0013665449
   -0.0038069536    -0.0025399500     0.0049135550     0.0014333487
   -0.0049135550    -0.0024242004     0.0059615984     0.0013761570
   -0.0059615984    -0.0021606048     0.0069008605     0.0012213427
   -0.0069008605    -0.0017973756     0.0076980587     0.0010001774
   -0.0076980587    -0.0013781250     0.0083336976     0.0007424862
   -0.0083336976    -0.0009381508     0.0087986152     0.0004732333
   -0.0087986152    -0.0005038403     0.0090910413     0.0002114141
   -0.0090910413    -0.0000936788     0.0092144302    -0.0000297101
   -0.0092144302     0.0002801211     0.0091760412    -0.0002417321
   -0.0091760412     0.0006099340     0.0089861194    -0.0004200122
   -0.0089861194     0.0008913085     0.0086574903    -0.0005626793
   -0.0086574903     0.0011218792     0.0082053922    -0.0006697812
   -0.0082053922     0.0013007593     0.0076473693    -0.0007427363
   -0.0076473693     0.0014282022     0.0070030658    -0.0007838988
   -0.0070030658     0.0015059208     0.0062937271    -0.0007965821
   -0.0062937271     0.0015375092     0.0055412569    -0.0007850390
   -0.0055412569     0.0015304333     0.0047665034    -0.0007556799
   -0.0047665034     0.0014976029     0.0039865292    -0.0007176287
   -0.0039865292     0.0014604877     0.0032108362    -0.0006847948
   -0.0032108362     0.0014392242     0.0024398811    -0.0006682691
   -0.0024398811     0.0014346524     0.0016730485    -0.0006678197
   -0.0016730485     0.0013771070     0.0009347395    -0.0006387980
   -0.0009347395     0.0011382736     0.0003133780    -0.0005169120
   -0.0003133780     0.0005040093     0.0000000000    -0.0001906314
    0.0000000000     0.0002369733    -0.0001260200    -0.0001109533
    0.0001260200     0.0002136834    -0.0002130376    -0.0001266658
    0.0002130376    -0.0000515054    -0.0001233500    -0.0000381822
    0.0001233500    -0.0004428834     0.0002139787     0.0001055547
   -0.0002139787    -0.0008399774     0.0007966180     0.0002573381
   -0.0007966180    -0.0011642910     0.0015757540     0.0003851550
   -0.0015757540    -0.0013665449     0.0024753604     0.0004669385
   -0.0024753604    -0.0014333487     0.0034137645     0.0004949446
   -0.0034137645    -0.0013761570     0.0043173546     0.0004725669
   -0.0043173546    -0.0012213427     0.0051280450     0.0004106522
   -0.0051280450    -0.0010001774     0.0058052983     0.0003229242
   -0.0058052983    -0.0007424862     0.0063250115     0.0002227729
   -0.0063250115    -0.0004732333     0.0066769026     0.0001213421
   -0.0066769026    -0.0002114141     0.0068615159     0.0000268009
   -0.0068615159     0.0000297101     0.0068874346    -0.0000556288
   -0.0068874346     0.0002417321     0.0067689376    -0.0001232351
   -0.0067689376     0.0004200122     0.0065241395    -0.0001752141
   -0.0065241395     0.0005626793     0.0061735421    -0.0002120819
   -0.0061735421     0.0006697812     0.0057389071    -0.0002351462
   -0.0057389071     0.0007427363     0.0052423172    -0.0002461464
   -0.0052423172     0.0007838988     0.0047053590    -0.0002469407
   -0.0047053590     0.0007965821     0.0041482522    -0.0002394752
   -0.0041482522     0.0007850390     0.0035888920    -0.0002256789
   -0.0035888920     0.0007556799     0.0030413361    -0.0002081239
   -0.0030413361     0.0007176287     0.0025138151    -0.0001901077
   -0.0025138151     0.0006847948     0.0020060920    -0.0001770718
   -0.0020060920     0.0006682691     0.0015104915    -0.0001726685
   -0.0015104915     0.0006678197     0.0010200123    -0.0001773406
   -0.0010200123     0.0006387980     0.0005524762    -0.0001712619
   -0.0005524762     0.0005169120     0.0001696371    -0.0001340729
   -0.0001696371     0.0001906314     0.0000000000    -0.0000209942
    0.0000000000     0.0001109533    -0.0001109533     0.0000000000
    0.0001109533     0.0001266658    -0.0002376192     0.0000000000
    0.0002376192     0.0000381822    -0.0002758014     0.0000000000
    0.0002758014    -0.0001055547    -0.0001702467     0.0000000000
    0.0001702467    -0.0002573381     0.0000870914     0.0000000000
   -0.0000870914    -0.0003851550     0.0004722464     0.0000000000
   -0.0004722464    -0.0004669385     0.0009391849     0.0000000000
   -0.0009391849    -0.0004949446     0.0014341294     0.0000000000
   -0.0014341294    -0.0004725669     0.0019066964     0.0000000000
   -0.0019066964    -0.0004106522     0.0023173486     0.0000000000
   -0.0023173486    -0.0003229242     0.0026402728     0.0000000000
   -0.0026402728    -0.0002227729     0.0028630457     0.0000000000
   -0.0028630457    -0.0001213421     0.0029843878     0.0000000000
   -0.0029843878    -0.0000268009     0.0030111887     0.0000000000
   -0.0030111887     0.0000556288     0.0029555599     0.0000000000
   -0.0029555599     0.0001232351     0.0028323248     0.0000000000
   -0.0028323248     0.0001752141     0.0026571107     0.0000000000
   -0.0026571107     0.0002120819     0.0024450288     0.0000000000
   -0.0024450288     0.0002351462     0.0022098826     0.0000000000
   -0.0022098826     0.0002461464     0.0019637362     0.0000000000
   -0.0019637362     0.0002469407     0.0017167955     0.0000000000
   -0.0017167955     0.0002394752     0.0014773203     0.0000000000
   -0.0014773203     0.0002256789     0.0012516414     0.0000000000
   -0.0012516414     0.0002081239     0.0010435175     0.0000000000
   -0.0010435175     0.0001901077     0.0008534099     0.0000000000
   -0.0008534099     0.0001770718     0.0006763381     0.0000000000
   -0.0006763381     0.0001726685     0.0005036696     0.0000000000
   -0.0005036696     0.0001773406     0.0003263290     0.0000000000
   -0.0003263290     0.0001712619     0.0001550672     0.0000000000
   -0.0001550672     0.0001340729     0.0000209942     0.0000000000
   -0.0000209942     0.0000209942     0.0000000000     0.0000000000
