    0.0000000000     0.0000000000     0.0000000000     0.0000000000
    0.0000000000     0.0000000000    -0.2778757857     1.0000000000
    0.0000000000     0.0000000000    -0.2797224218     1.0000000000
    0.0000000000     0.0000000000    -0.2800294864     1.0000000000
    0.0000000000     0.0000000000    -0.2803125646     1.0000000000
    0.0000000000     0.0000000000    -0.2802414190     1.0000000000
    0.0000000000     0.0000000000    -0.2802214369     1.0000000000
    0.0000000000     0.0000000000    -0.2801381299     1.0000000000
    0.0000000000     0.0000000000    -0.2799730425     1.0000000000
    0.0000000000     0.0000000000    -0.2795779832     1.0000000000
    0.0000000000     0.0000000000    -0.2788351166     1.0000000000
    0.0000000000     0.0000000000    -0.2776007684     1.0000000000
    0.0000000000     0.0000000000    -0.2757451881     1.0000000000
    0.0000000000     0.0000000000    -0.2731428374     1.0000000000
    0.0000000000     0.0000000000    -0.2696925279     1.0000000000
    0.0000000000     0.0000000000    -0.2653267806     1.0000000000
    0.0000000000     0.0000000000    -0.2600315107     1.0000000000
    0.0000000000     0.0000000000    -0.2538633707     1.0000000000
    0.0000000000     0.0000000000    -0.2469693562     1.0000000000
    0.0000000000     0.0000000000    -0.2396017053     1.0000000000
    0.0000000000     0.0000000000    -0.2321244892     1.0000000000
    0.0000000000     0.0000000000    -0.2250028692     1.0000000000
    0.0000000000     0.0000000000    -0.2187658772     1.0000000000
    0.0000000000     0.0000000000    -0.2139360903     1.0000000000
    0.0000000000     0.0000000000    -0.2109253330     1.0000000000
    0.0000000000     0.0000000000    -0.2099191862     1.0000000000
    0.0000000000     0.0000000000    -0.2107794918     1.0000000000
    0.0000000000     0.0000000000    -0.2130240740     1.0000000000
    0.0000000000     0.0000000000    -0.2159215830     1.0000000000
    0.0000000000     0.0000000000    -0.2185651479     1.0000000000
    0.0000000000     0.0000000000    -0.2204176618     1.0000000000
    0.0000000000     0.0000000000    -0.2199433530     1.0000000000
    0.0000000000     0.0000000000     0.0000000000     0.0000000000
    0.0000000000     0.0000000000    -0.2778757857     0.9836968959
    0.0010738136     0.0163807690    -0.2778757857     0.9836968959
   -0.0011337676     0.0226055068    -0.2797224218     0.9829144565
   -0.0070780102     0.0235677978    -0.2800294864     0.9809411068
   -0.0127075022     0.0234397784    -0.2803125646     0.9779122732
   -0.0182775525     0.0231847441    -0.2802414190     0.9742203588
   -0.0236107656     0.0231269585    -0.2802214369     0.9702716103
   -0.0292645880     0.0232346999    -0.2801381299     0.9662968320
   -0.0354056454     0.0234513052    -0.2799730425     0.9623544093
   -0.0421407442     0.0237031653    -0.2795779832     0.9584084050
   -0.0493765508     0.0239553074    -0.2788351166     0.9544078863
   -0.0569622319     0.0241814812    -0.2776007684     0.9503186886
   -0.0646660242     0.0243619581    -0.2757451881     0.9461290795
   -0.0722050171     0.0244708343    -0.2731428374     0.9418447977
   -0.0792326492     0.0244768946    -0.2696925279     0.9374866620
   -0.0853469359     0.0243432225    -0.2653267806     0.9330912208
   -0.0900946124     0.0240322585    -0.2600315107     0.9287147848
   -0.0929910555     0.0235122864    -0.2538633707     0.9244390880
   -0.0935513220     0.0227675274    -0.2469693562     0.9203778976
   -0.0913406558     0.0218097733    -0.2396017053     0.9166830583
   -0.0860433540     0.0206905149    -0.2321244892     0.9135483616
   -0.0775498102     0.0195100369    -0.2250028692     0.9112086360
   -0.0660519675     0.0184190137    -0.2187658772     0.9099305002
   -0.0521315502     0.0176068474    -0.2139360903     0.9099898016
   -0.0368079389     0.0172704527    -0.2109253330     0.9116294459
   -0.0215114900     0.0175645131    -0.2099191862     0.9149922595
   -0.0079313361     0.0185363874    -0.2107794918     0.9200273190
    0.0022823639     0.0200875029    -0.2130240740     0.9263876074
    0.0078654955     0.0219376539    -0.2159215830     0.9333493653
    0.0085659326     0.0236494822    -0.2185651479     0.9398438419
    0.0046850394     0.0238873423    -0.2204176618     0.9446219273
    0.0008103713     0.0183648528    -0.2199433530     0.9468092682
    0.0000000000     0.0000000000    -0.2199433530     0.9468092682
    0.0000000000     0.0000000000    -0.2302541357     0.9519006368
   -0.0018405255    -0.0050674096    -0.2302541357     0.9519006368
   -0.0107427691    -0.0017354501    -0.2308700067     0.9494293596
   -0.0246543221    -0.0001363443    -0.2307132259     0.9432544244
   -0.0393063264     0.0001108725    -0.2308890472     0.9338201906
   -0.0545970379    -0.0000776133    -0.2308854903     0.9224163646
   -0.0699536582     0.0001921806    -0.2310325140     0.9103336779
   -0.0859683072     0.0009001504    -0.2311277419     0.8982575615
   -0.1026315190     0.0018371990    -0.2311604554     0.8863186731
   -0.1198684823     0.0027187498    -0.2309902208     0.8743829953
   -0.1372763364     0.0033606735    -0.2305246498     0.8623028355
   -0.1543654577     0.0036210727    -0.2296359496     0.8500017674
   -0.1705274295     0.0033929792    -0.2282084936     0.8374782812
   -0.1851137872     0.0025761693    -0.2261236696     0.8247848719
   -0.1974395078     0.0010823544    -0.2232823449     0.8120179463
   -0.2068208030    -0.0011619168    -0.2196118274     0.7993166372
   -0.2125947064    -0.0042006727    -0.2150851824     0.7868693748
   -0.2141542441    -0.0080322218    -0.2097369479     0.7749231826
   -0.2109854778    -0.0125861434    -0.2036821314     0.7637945242
   -0.2027195012    -0.0176980863    -0.1971307982     0.7538791520
   -0.1891966597    -0.0230841623    -0.1903957029     0.7456588927
   -0.1705473439    -0.0283227002    -0.1838840641     0.7397011764
   -0.1472831282    -0.0328541064    -0.1780647063     0.7366445664
   -0.1203896948    -0.0360148044    -0.1734041829     0.7371586207
   -0.0913902965    -0.0371258161    -0.1702699563     0.7418598089
   -0.0623491233    -0.0356440434    -0.1688261857     0.7511608343
   -0.0357303444    -0.0313840457    -0.1689466364     0.7650311148
   -0.0140818154    -0.0247064052    -0.1702218942     0.7826887371
    0.0005131293    -0.0167003086    -0.1720585333     0.8022909424
    0.0072342890    -0.0089429691    -0.1738529449     0.8209056297
    0.0068838329    -0.0036899779    -0.1752525332     0.8349331492
    0.0025689872    -0.0016546799    -0.1760436569     0.8416861739
    0.0000000000     0.0000000000    -0.1760436569     0.8416861739
    0.0000000000     0.0000000000    -0.2062115101     0.9220249128
   -0.0024071464     0.0127798320    -0.2062115101     0.9220249128
   -0.0168610155     0.0284323346    -0.2084511609     0.9177432707
   -0.0399945844     0.0341445737    -0.2085820049     0.9069683360
   -0.0634058445     0.0355613908    -0.2092322414     0.8906019970
   -0.0875202796     0.0357081315    -0.2096729971     0.8710963312
   -0.1114140626     0.0364208805    -0.2103770444     0.8507480811
   -0.1356256810     0.0377165406    -0.2110892187     0.8306689963
   -0.1598239517     0.0391068464    -0.2118059236     0.8109978706
   -0.1836692064     0.0400147942    -0.2123682778     0.7914975310
   -0.2064999819     0.0400627554    -0.2126781581     0.7719725489
   -0.2276631561     0.0390000361    -0.2125930772     0.7523704541
   -0.2464663846     0.0366742538    -0.2119835641     0.7327555229
   -0.2622774737     0.0329838939    -0.2107136452     0.7132621913
   -0.2745129801     0.0278739695    -0.2086665935     0.6940722814
   -0.2826655508     0.0213314462    -0.2057502357     0.6754069618
   -0.2862977162     0.0133973713    -0.2019162412     0.6575291805
   -0.2850504761     0.0041844313    -0.1971743616     0.6407501667
   -0.2786478531    -0.0060935677    -0.1916112584     0.6254396548
   -0.2669164665    -0.0170852714    -0.1854060766     0.6120385400
   -0.2498179774    -0.0282604793    -0.1788415992     0.6010738431
   -0.2275046723    -0.0388742270    -0.1723020743     0.5931734814
   -0.2003980394    -0.0479524284    -0.1662482908     0.5890744457
   -0.1692924010    -0.0543257454    -0.1611616429     0.5896092393
   -0.1354604091    -0.0567501262    -0.1574499503     0.5956412393
   -0.1007458945    -0.0541443998    -0.1553408449     0.6079026366
   -0.0675326851    -0.0459828635    -0.1547730508     0.6266737746
   -0.0385939291    -0.0327163930    -0.1554011779     0.6512830054
   -0.0165399033    -0.0162717599    -0.1566431237     0.6794898119
   -0.0031180718     0.0001146155    -0.1579335725     0.7071872312
    0.0016283535     0.0113433856    -0.1588587745     0.7288416960
    0.0009749694     0.0117329107    -0.1589002666     0.7398372408
    0.0000000000     0.0000000000    -0.1589002666     0.7398372408
    0.0000000000     0.0000000000    -0.1748069438     0.8944397469
   -0.0042310486     0.0203356881    -0.1748069438     0.8944397469
   -0.0241440934     0.0449057740    -0.1770560856     0.8882474681
   -0.0541346100     0.0541394096    -0.1771430398     0.8725670001
   -0.0841778086     0.0562516521    -0.1781470849     0.8489860516
   -0.1147803826     0.0563286554    -0.1791293943     0.8213858840
   -0.1445406438     0.0568899601    -0.1805870994     0.7931522135
   -0.1737536255     0.0578675139    -0.1821749170     0.7657887826
   -0.2017400365     0.0584896016    -0.1838713772     0.7394266264
   -0.2280183701     0.0579965891    -0.1854811186     0.7137786576
   -0.2519101928     0.0559634855    -0.1868865557     0.6886760871
   -0.2729036058     0.0521781592    -0.1879222298     0.6641392920
   -0.2905410343     0.0465700869    -0.1884428338     0.6403046652
   -0.3044967937     0.0391343075    -0.1882976889     0.6173536351
   -0.3145205378     0.0299095513    -0.1873572448     0.5954795186
   -0.3204362848     0.0189635225    -0.1855138003     0.5748738857
   -0.3221045873     0.0064020595    -0.1826981821     0.5557252064
   -0.3194072907    -0.0076104092    -0.1788904537     0.5382238278
   -0.3122284414    -0.0228127970    -0.1741370177     0.5225742703
   -0.3004533127    -0.0387962063    -0.1685661686     0.5090159130
   -0.2839817869    -0.0549409856    -0.1624026233     0.4978546945
   -0.2627697769    -0.0703521130    -0.1559729716     0.4895063999
   -0.2369025738    -0.0838116200    -0.1496931844     0.4845474532
   -0.2067113738    -0.0937824266    -0.1440292756     0.4837581491
   -0.1729179702    -0.0985185611    -0.1394182246     0.4881234811
   -0.1368150467    -0.0963400364    -0.1361740749     0.4987272361
   -0.1003472357    -0.0861499424    -0.1343647289     0.5164388840
   -0.0661749389    -0.0680870224    -0.1338220404     0.5413003059
   -0.0371401665    -0.0443698846    -0.1340920454     0.5716071791
   -0.0159912120    -0.0192895736    -0.1348462642     0.6031447641
   -0.0034753864     0.0001691876    -0.1355354930     0.6292692608
    0.0003767700     0.0074978904    -0.1365085399     0.6434616880
    0.0000000000     0.0000000000    -0.1365085399     0.6434616880
    0.0000000000     0.0000000000    -0.1500630933     0.8692382099
   -0.0049117768     0.0374483087    -0.1500630933     0.8692382099
   -0.0285064477     0.0759784212    -0.1530646020     0.8611186613
   -0.0638640992     0.0898341171    -0.1535425614     0.8405324331
   -0.0986606731     0.0925668796    -0.1552870370     0.8099403452
   -0.1334395700     0.0920073868    -0.1571418565     0.7748341519
   -0.1663130527     0.0914620833    -0.1596443813     0.7397261192
   -0.1974338755     0.0908743503    -0.1623721297     0.7064974099
   -0.2259939903     0.0893453840    -0.1652803125     0.6752957357
   -0.2516286874     0.0861256500    -0.1681276434     0.6458338982
   -0.2738904806     0.0808962030    -0.1707672826     0.6179852804
   -0.2926007602     0.0735840449    -0.1730077104     0.5918030493
   -0.3076566580     0.0642460204    -0.1746902077     0.5674084242
   -0.3190810521     0.0529759119    -0.1756564066     0.5449103632
   -0.3269308122     0.0398744147    -0.1757732644     0.5243729490
   -0.3312835226     0.0250349610    -0.1749280045     0.5058050480
   -0.3321886588     0.0085566131    -0.1730409533     0.4891629208
   -0.3296482681    -0.0094281121    -0.1700717695     0.4743610126
   -0.3235920611    -0.0287050249    -0.1660335189     0.4612925642
   -0.3138690990    -0.0489119007    -0.1610067090     0.4498625859
   -0.3002494431    -0.0694534337    -0.1551556603     0.4400371102
   -0.2824508547    -0.0894050526    -0.1487408178     0.4319111832
   -0.2601976218    -0.1074237944    -0.1421198075     0.4257940120
   -0.2333324458    -0.1217040597    -0.1357289576     0.4222999986
   -0.2019783516    -0.1300456383    -0.1300271692     0.4224155950
   -0.1667879269    -0.1301207661    -0.1254244445     0.4274792799
   -0.1291348511    -0.1200635301    -0.1221488206     0.4389612511
   -0.0914243992    -0.0993386271    -0.1202561243     0.4578879191
   -0.0566485930    -0.0699547240    -0.1194484505     0.4837836524
   -0.0286032211    -0.0368541477    -0.1195998668     0.5134158960
   -0.0090605165    -0.0086269803    -0.1199541544     0.5401703152
   -0.0006705083     0.0059599070    -0.1211788507     0.5560783654
    0.0000000000     0.0000000000    -0.1211788507     0.5560783654
    0.0000000000     0.0000000000    -0.1265837111     0.8462999743
   -0.0053808924     0.0540402157    -0.1265837111     0.8462999743
   -0.0310517843     0.1068189352    -0.1298188919     0.8363952316
   -0.0692416597     0.1251213047    -0.1306836251     0.8113001954
   -0.1063917104     0.1277402518    -0.1331946629     0.7744463879
   -0.1428156144     0.1255197011    -0.1360132928     0.7329750380
   -0.1762308446     0.1226458368    -0.1396410361     0.6925073579
   -0.2067597404     0.1192311714    -0.1435697079     0.6553020347
   -0.2336778417     0.1144186585    -0.1477119772     0.6215428645
   -0.2568988095     0.1076123479    -0.1517767882     0.5909267381
   -0.2763004144     0.0986731925    -0.1555890930     0.5632889429
   -0.2920457646     0.0876825774    -0.1589403056     0.5385881970
   -0.3043309942     0.0747960624    -0.1616696116     0.5167840842
   -0.3134261739     0.0601538548    -0.1636234589     0.4977683672
   -0.3195750554     0.0438559856    -0.1646770234     0.4813468090
   -0.3229903869     0.0259585546    -0.1647232925     0.4672425372
   -0.3238128802     0.0064940088    -0.1636817322     0.4551101153
   -0.3221002277    -0.0144939639    -0.1614999039     0.4445563575
   -0.3178042120    -0.0368963311    -0.1581636805     0.4351691501
   -0.3107567390    -0.0604639036    -0.1537083474     0.4265570718
   -0.3006554905    -0.0847080764    -0.1482347206     0.4184039658
   -0.2870645667    -0.1087790359    -0.1419261730     0.4105423244
   -0.2694400346    -0.1313343579    -0.1350621255     0.4030470122
   -0.2472110724    -0.1504323429    -0.1280221974     0.3963441556
   -0.2199281977    -0.1635221761    -0.1212598045     0.3913156669
   -0.1875514286    -0.1676413421    -0.1152649519     0.3893523571
   -0.1507391799    -0.1599939397    -0.1104358028     0.3922594116
   -0.1114231443    -0.1389691944    -0.1070942196     0.4018474879
   -0.0725349253    -0.1057188958    -0.1051599037     0.4189847163
   -0.0388253328    -0.0651315280    -0.1047674674     0.4420993075
   -0.0131517619    -0.0267476021    -0.1049435917     0.4657635891
   -0.0011595538    -0.0007441027    -0.1067482662     0.4815086302
    0.0000000000     0.0000000000    -0.1067482662     0.4815086302
    0.0000000000     0.0000000000    -0.1069394692     0.8254945551
   -0.0051468913     0.0723564978    -0.1069394692     0.8254945551
   -0.0309567341     0.1406477855    -0.1104175594     0.8141146056
   -0.0697255010     0.1635883393    -0.1118409572     0.7852731953
   -0.1071816635     0.1656246923    -0.1152153811     0.7433274328
   -0.1432500535     0.1608749573    -0.1190600786     0.6969599377
   -0.1753775587     0.1546478434    -0.1237976618     0.6528369279
   -0.2037507981     0.1474692648    -0.1288487074     0.6135923481
   -0.2278644851     0.1386904362    -0.1340834285     0.5794298019
   -0.2479494601     0.1279442462    -0.1391761211     0.5499443987
   -0.2641797346     0.1152668430    -0.1439375258     0.5247934947
   -0.2769678689     0.1008476772    -0.1481583337     0.5036911932
   -0.2866926258     0.0848778963    -0.1516888654     0.4863066120
   -0.2937508047     0.0674838312    -0.1543918208     0.4722228086
   -0.2984704234     0.0487165994    -0.1561599189     0.4609406039
   -0.3011245699     0.0285622808    -0.1569006212     0.4518979574
   -0.3019048599     0.0069670324    -0.1565412280     0.4444934570
   -0.3009196800    -0.0161271296    -0.1550264894     0.4381106828
   -0.2981726442    -0.0407316560    -0.1523246746     0.4321446672
   -0.2935405978    -0.0667395979    -0.1484346953     0.4260339509
   -0.2867403782    -0.0938245898    -0.1433997188     0.4193038076
   -0.2772985274    -0.1213047192    -0.1373255277     0.4116274127
   -0.2645342284    -0.1479747329    -0.1304023782     0.4029109724
   -0.2475917825    -0.1719302354    -0.1229286933     0.3934036034
   -0.2255450887    -0.1904501746    -0.1153153680     0.3838200136
   -0.1976817846    -0.2000599211    -0.1080903114     0.3754403943
   -0.1638477208    -0.1969935959    -0.1017918153     0.3701132447
   -0.1252592258    -0.1782433352    -0.0970021217     0.3700247097
   -0.0844720616    -0.1434399097    -0.0938890436     0.3770068229
   -0.0468920546    -0.0966089412    -0.0928677253     0.3911555535
   -0.0164942178    -0.0476354186    -0.0927931797     0.4089479524
   -0.0015963247    -0.0083507746    -0.0949377093     0.4226228985
    0.0000000000     0.0000000000    -0.0949377093     0.4226228985
    0.0000000000     0.0000000000    -0.0898899387     0.8066727314
   -0.0044580026     0.0893985398    -0.0898899387     0.8066727314
   -0.0287095824     0.1731325132    -0.0933722943     0.7942502875
   -0.0659399768     0.2007552310    -0.0953612350     0.7626699300
   -0.1019767503     0.2018311054    -0.0995272498     0.7170338383
   -0.1361957928     0.1938522994    -0.1043082304     0.6673236501
   -0.1658819081     0.1835199240    -0.1099997401     0.6211389075
   -0.1912952143     0.1720048509    -0.1159680131     0.5814749280
   -0.2121793813     0.1589679507    -0.1220434486     0.5485158570
   -0.2290244345     0.1442668234    -0.1278840775     0.5216477887
   -0.2422115711     0.1280554084    -0.1333005524     0.5002197667
   -0.2522905006     0.1105636570    -0.1380968829     0.4835967627
   -0.2597212614     0.0919608238    -0.1421438465     0.4711015091
   -0.2649447408     0.0723212806    -0.1453275755     0.4620046073
   -0.2683176509     0.0516295627    -0.1475636319     0.4555460055
   -0.2701421672     0.0298010231    -0.1487792263     0.4509615329
   -0.2706510010     0.0067057263    -0.1489155809     0.4475043789
   -0.2700104716    -0.0178020575    -0.1479225508     0.4444598939
   -0.2682990859    -0.0438444432    -0.1457609182     0.4411561835
   -0.2654795044    -0.0714599289    -0.1424053480     0.4369758305
   -0.2613522764    -0.1005112052    -0.1378540157     0.4313771076
   -0.2555020053    -0.1305472005    -0.1321450437     0.4239357670
   -0.2472422303    -0.1606115219    -0.1253813004     0.4144192118
   -0.2355938420    -0.1890046264    -0.1177668238     0.4028999553
   -0.2193218580    -0.2130481808    -0.1096366033     0.3899003620
   -0.1971652245    -0.2289670519    -0.1015035684     0.3765329940
   -0.1681654444    -0.2321313404    -0.0939892216     0.3645637165
   -0.1326317477    -0.2179723717    -0.0878953341     0.3562833127
   -0.0923529495    -0.1840055748    -0.0836489099     0.3540193270
   -0.0528733436    -0.1324360160    -0.0819795759     0.3590460016
   -0.0190637971    -0.0726485584    -0.0816480028     0.3697399906
   -0.0018958838    -0.0179368844    -0.0841180260     0.3799553222
    0.0000000000     0.0000000000    -0.0841180260     0.3799553222
    0.0000000000     0.0000000000    -0.0753929245     0.7896918433
   -0.0033701749     0.1045768541    -0.0753929245     0.7896918433
   -0.0246308138     0.2033528785    -0.0787377803     0.7767191901
   -0.0586188191     0.2359029731    -0.0812789472     0.7435122810
   -0.0919596060     0.2360189687    -0.0861255687     0.6956329454
   -0.1233766730     0.2244949653    -0.0916976610     0.6440210808
   -0.1500524033     0.2096826602    -0.0981313493     0.5970586538
   -0.1722550985     0.1936122482    -0.1047638407     0.5580837249
   -0.1899367919     0.1763235773    -0.1113960093     0.5272326142
   -0.2037543973     0.1578633380    -0.1176909511     0.5036082219
   -0.2142087036     0.1384370720    -0.1234721769     0.4861797720
   -0.2219024277     0.1182578569    -0.1285673550     0.4739332099
   -0.2273163782     0.0974374822    -0.1328725627     0.4658657247
   -0.2308944393     0.0759841830    -0.1363001111     0.4609987458
   -0.2329985672     0.0538186270    -0.1387895942     0.4584039297
   -0.2339458345     0.0307988028    -0.1402894062     0.4572228689
   -0.2339999721     0.0067375412    -0.1407572095     0.4566738983
   -0.2333759688    -0.0185783618    -0.1401527474     0.4560467893
   -0.2322205096    -0.0453631529    -0.1384372142     0.4546895990
   -0.2305842432    -0.0737880710    -0.1355726618     0.4519947502
   -0.2283737142    -0.1039050301    -0.1315272830     0.4473950948
   -0.2252884656    -0.1355192725    -0.1262878002     0.4403849878
   -0.2207423941    -0.1679926497    -0.1198822606     0.4305845518
   -0.2137961846    -0.1999657918    -0.1124208991     0.4178625296
   -0.2031177676    -0.2290189851    -0.1041413376     0.4025169107
   -0.1871181446    -0.2513590138    -0.0954901498     0.3854758127
   -0.1641865577    -0.2617630960    -0.0870977555     0.3684275891
   -0.1336821986    -0.2541866454    -0.0799075249     0.3537429083
   -0.0963014937    -0.2236660901    -0.0745805262     0.3440440790
   -0.0570742724    -0.1696265817    -0.0721800489     0.3412897143
   -0.0212511824    -0.0997891484    -0.0714862640     0.3452258157
   -0.0022369518    -0.0285769952    -0.0741488506     0.3515165948
    0.0000000000     0.0000000000    -0.0741488506     0.3515165948
    0.0000000000     0.0000000000    -0.0626424609     0.7744072025
   -0.0020648537     0.1167352461    -0.0626424609     0.7744072025
   -0.0192792394     0.2295545082    -0.0656844541     0.7613726056
   -0.0487061277     0.2673977950    -0.0687000680     0.7276333440
   -0.0784438276     0.2668998212    -0.0740640706     0.6788701611
   -0.1065087339     0.2518796837    -0.0802428487     0.6265826167
   -0.1300008513     0.2325354462    -0.0871886601     0.5797545905
   -0.1490839994     0.2119414603    -0.0942330725     0.5420535987
   -0.1638402495     0.1905722500    -0.1011562703     0.5135790987
   -0.1750006994     0.1686256011    -0.1076430970     0.4931407588
   -0.1831204856     0.1463052779    -0.1135380097     0.4793281774
   -0.1888053754     0.1237696176    -0.1186978828     0.4707821240
   -0.1925285431     0.1010569994    -0.1230451724     0.4662412630
   -0.1947196455     0.0781088751    -0.1265180043     0.4645651441
   -0.1957342701     0.0547906298    -0.1290785384     0.4647506603
   -0.1958907939     0.0309154491    -0.1306951701     0.4659335897
   -0.1954651648     0.0062536338    -0.1313418028     0.4673733806
   -0.1946963123    -0.0194585311    -0.1309899975     0.4684242407
   -0.1937714741    -0.0465066557    -0.1296065270     0.4684978735
   -0.1928049673    -0.0751694624    -0.1271504223     0.4670253282
   -0.1917982361    -0.1056608362    -0.1235746407     0.4634292364
   -0.1905817808    -0.1380222170    -0.1188339199     0.4571234600
   -0.1887306164    -0.1719396416    -0.1129026466     0.4475638525
   -0.1854689127    -0.2064563771    -0.1058132009     0.4343765053
   -0.1795651059    -0.2395669848    -0.0977053751     0.4175778142
   -0.1693603513    -0.2677351151    -0.0889281807     0.3978587506
   -0.1528567177    -0.2855147270    -0.0800540390     0.3768263631
   -0.1286079593    -0.2857176028    -0.0720721980     0.3570076018
   -0.0960970839    -0.2608971095    -0.0658135658     0.3414033743
   -0.0592591092    -0.2069806794    -0.0626593889     0.3325136104
   -0.0229759515    -0.1286205423    -0.0615212341     0.3309231304
   -0.0026044725    -0.0404130749    -0.0642847450     0.3336811967
    0.0000000000     0.0000000000    -0.0642847450     0.3336811967
    0.0000000000     0.0000000000    -0.0509897919     0.7606756170
   -0.0006874540     0.1254060754    -0.0509897919     0.7606756170
   -0.0131636495     0.2508372504    -0.0535978519     0.7480161311
   -0.0370743574     0.2944518296    -0.0569898858     0.7147356623
   -0.0625828989     0.2940430879    -0.0627088071     0.6662867963
   -0.0870149804     0.2759545905    -0.0693236945     0.6143118967
   -0.1073874487     0.2523280807    -0.0765855208     0.5681969914
   -0.1236287399     0.2274404310    -0.0838384636     0.5319347296
   -0.1358569921     0.2022698528    -0.0908480831     0.5056461808
   -0.1447974678     0.1771510096    -0.0973324656     0.4879041641
   -0.1510166364     0.1522569515    -0.1031612733     0.4769770236
   -0.1550978738     0.1276722620    -0.1082227798     0.4712303799
   -0.1574954531     0.1033576912    -0.1124646956     0.4692232817
   -0.1586170843     0.0791910530    -0.1158488142     0.4697314692
   -0.1588029294     0.0549885625    -0.1183568814     0.4717453842
   -0.1583581391     0.0305250141    -0.1199744234     0.4744483968
   -0.1575500444     0.0055359213    -0.1206893447     0.4771785310
   -0.1566150432    -0.0202813193    -0.1204843124     0.4793782093
   -0.1557508584    -0.0472645457    -0.1193335029     0.4805371912
   -0.1551049090    -0.0757703589    -0.1171985234     0.4801350109
   -0.1547474690    -0.1061338275    -0.1140277030     0.4775927244
   -0.1546269309    -0.1385852145    -0.1097601574     0.4722505739
   -0.1544937280    -0.1730947638    -0.1043381293     0.4633985159
   -0.1537978947    -0.2091046079    -0.0977389442     0.4503968628
   -0.1515435245    -0.2451011610    -0.0900203268     0.4329226452
   -0.1462234088    -0.2780183999    -0.0814271630     0.4113403268
   -0.1357469705    -0.3025661045    -0.0724320206     0.3870959277
   -0.1181382049    -0.3109008080    -0.0639823080     0.3628836015
   -0.0917852740    -0.2934402134    -0.0569922497     0.3422363972
   -0.0591911121    -0.2423311572    -0.0530974386     0.3283629118
   -0.0241361997    -0.1578073752    -0.0514308775     0.3225142932
   -0.0030148394    -0.0531026865    -0.0541567944     0.3225451336
    0.0000000000     0.0000000000    -0.0541567944     0.3225451336
    0.0000000000     0.0000000000    -0.0397156677     0.7483575051
    0.0006301868     0.1303080893    -0.0397156677     0.7483575051
   -0.0067459440     0.2664882220    -0.0417822477     0.7364304193
   -0.0244816969     0.3163760678    -0.0454431868     0.7044491445
   -0.0453166939     0.3170469233    -0.0513721180     0.6573255522
   -0.0659778220     0.2966501258    -0.0582864062     0.6064426667
   -0.0834012623     0.2692439850    -0.0657222200     0.5613774864
   -0.0971548920     0.2404342257    -0.0730457839     0.5264462820
   -0.1072936727     0.2117951083    -0.0800090808     0.5018871277
   -0.1144672568     0.1838187675    -0.0863689726     0.4861431215
   -0.1192222691     0.1566450698    -0.0920214432     0.4772563278
   -0.1221060642     0.1302802623    -0.0968861352     0.4733995019
   -0.1235488945     0.1046083654    -0.1009339062     0.4730218847
   -0.1239316283     0.0794455438    -0.1041473896     0.4748703384
   -0.1235711725     0.0545604056    -0.1065244775     0.4779670138
   -0.1227474722     0.0296901981    -0.1080643435     0.4815648215
   -0.1217034164     0.0045382485    -0.1087657640     0.4850891666
   -0.1206538646    -0.0212293912    -0.1086203785     0.4880711821
   -0.1197851391    -0.0479864718    -0.1076094254     0.4900765180
   -0.1192529672    -0.0761387608    -0.1056995689     0.4906338759
   -0.1191692071    -0.1060984935    -0.1028410937     0.4891704071
   -0.1195732147    -0.1382252399    -0.0989694567     0.4849682395
   -0.1203727167    -0.1727047148    -0.0940130778     0.4771694148
   -0.1212511422    -0.2093201831    -0.0879178822     0.4648743593
   -0.1215098916    -0.2470448479    -0.0806845032     0.4473915076
   -0.1199388046    -0.2833980873    -0.0724679595     0.4246748712
   -0.1146064934    -0.3135525329    -0.0636303442     0.3978827366
   -0.1033206043    -0.3295321468    -0.0550177105     0.3697808482
   -0.0836637680    -0.3202100630    -0.0475447640     0.3444882517
   -0.0566544425    -0.2741549072    -0.0429976695     0.3261578253
   -0.0244889869    -0.1862364980    -0.0407784393     0.3168651298
   -0.0034168954    -0.0663984290    -0.0433265580     0.3149269987
    0.0000000000     0.0000000000    -0.0433265580     0.3149269987
    0.0000000000     0.0000000000    -0.0282087747     0.7373206274
    0.0017921735     0.1314677803    -0.0282087747     0.7373206274
   -0.0003983788     0.2761443618    -0.0296574183     0.7263917544
   -0.0115323606     0.3327342193    -0.0334840818     0.6963813597
   -0.0273451020     0.3356843708    -0.0395104596     0.6514110174
   -0.0441353777     0.3140329555    -0.0466353108     0.6022413580
   -0.0587850471     0.2835829788    -0.0541689550     0.5584231420
   -0.0703996539     0.2513497046    -0.0614991272     0.5245853236
   -0.0788713704     0.2196174949    -0.0683599594     0.5011945012
   -0.0847077488     0.1890947909    -0.0745471677     0.4867002525
   -0.0884055579     0.1599128131    -0.0799819966     0.4790316794
   -0.0904649469     0.1320074325    -0.0846142028     0.4762503097
   -0.0912877345     0.1051898818    -0.0884355838     0.4767498604
   -0.0912242884     0.0792153637    -0.0914468919     0.4792804002
   -0.0905631183     0.0538038021    -0.0936590250     0.4829099068
   -0.0895525441     0.0286533678    -0.0950815116     0.4869612971
   -0.0884036448     0.0034358996    -0.0957208554     0.4909389237
   -0.0873015483    -0.0222083130    -0.0955750533     0.4944503145
   -0.0864111619    -0.0486755493    -0.0946308505     0.4971258157
   -0.0858828063    -0.0763964696    -0.0928601498     0.4985380268
   -0.0858502217    -0.1058217472    -0.0902181189     0.4981251296
   -0.0864165661    -0.1373838149    -0.0866434450     0.4951290080
   -0.0876147865    -0.1714091964    -0.0820632166     0.4885731724
   -0.0893342821    -0.2079388318    -0.0764108129     0.4773288914
   -0.0911751168    -0.2463703262    -0.0696548387     0.4603447917
   -0.0922875314    -0.2848311748    -0.0618846004     0.4371185724
   -0.0910700833    -0.3191570013    -0.0533651951     0.4084017378
   -0.0853870524    -0.3417007203    -0.0448154997     0.3768777264
   -0.0723693731    -0.3404769466    -0.0370939834     0.3471807531
   -0.0517064569    -0.3010532827    -0.0320198046     0.3245447410
   -0.0238696679    -0.2125821699    -0.0292764886     0.3121389863
   -0.0037620092    -0.0798231486    -0.0314979593     0.3087139003
    0.0000000000     0.0000000000    -0.0314979593     0.3087139003
    0.0000000000     0.0000000000    -0.0159603285     0.7274425798
    0.0027352860     0.1290953708    -0.0159603285     0.7274425798
    0.0055898530     0.2796577481    -0.0167440781     0.7176867143
    0.0013040421     0.3431965871    -0.0206398976     0.6901512347
   -0.0091709558     0.3497352888    -0.0266819665     0.6479974491
   -0.0219507643     0.3281233049    -0.0339724726     0.6010561575
   -0.0339286940     0.2955801689    -0.0415877789     0.5586329423
   -0.0436840988     0.2605450966    -0.0489267462     0.5256358936
   -0.0508516011     0.2261347353    -0.0556959587     0.5028648617
   -0.0557280984     0.1933671268    -0.0617248590     0.4889205270
   -0.0587238963     0.1624164591    -0.0669570379     0.4817386742
   -0.0602771360     0.1331697089    -0.0713702957     0.4793470212
   -0.0607549414     0.1053735382    -0.0749754359     0.4801251790
   -0.0604745441     0.0787235529    -0.0777891033     0.4828423556
   -0.0596944557     0.0528897999    -0.0798327609     0.4866113053
   -0.0586310508     0.0275300184    -0.0811236611     0.4908132915
   -0.0574642880     0.0022854027    -0.0816734484     0.4950143684
   -0.0563507811    -0.0232246456    -0.0814841271     0.4988798203
   -0.0554341411    -0.0494081850    -0.0805461687     0.5020883937
   -0.0548557826    -0.0767019226    -0.0788358917     0.5042463183
   -0.0547609589    -0.1055646472    -0.0763141843     0.5048025819
   -0.0552957922    -0.1364551449    -0.0729263749     0.5029728371
   -0.0565856365    -0.1697728620    -0.0686058598     0.4976929802
   -0.0586836239    -0.2057268096    -0.0632867277     0.4876494469
   -0.0614530821    -0.2440429151    -0.0569265541     0.4714716160
   -0.0644040109    -0.2834047594    -0.0495745824     0.4482023829
   -0.0663532154    -0.3203986566    -0.0414253794     0.4181094240
   -0.0654195380    -0.3480559360    -0.0330717517     0.3836382844
   -0.0586208650    -0.3542008154    -0.0252915409     0.3497912247
   -0.0445771163    -0.3221968896    -0.0198304706     0.3228913847
   -0.0221766859    -0.2357161168    -0.0166440463     0.3074181020
   -0.0039846564    -0.0928520836    -0.0184092248     0.3027129800
    0.0000000000     0.0000000000    -0.0184092248     0.3027129800
    0.0000000000     0.0000000000    -0.0025927727     0.7186112567
    0.0034257963     0.1235512963    -0.0025927727     0.7186112567
    0.0109981043     0.2770756692    -0.0026935187     0.7101206657
    0.0136558249     0.3475193825    -0.0065650875     0.6854078000
    0.0088385589     0.3589552473    -0.0125621194     0.6465906030
    0.0003029347     0.3388585324    -0.0200044380     0.6023288925
   -0.0089711601     0.3053779725    -0.0277317999     0.5614672376
   -0.0170237812     0.2683009385    -0.0351352389     0.5291266349
   -0.0231503046     0.2316846808    -0.0418788111     0.5065180195
   -0.0273654949     0.1969749610    -0.0478153623     0.4925288650
   -0.0299458711     0.1644671837    -0.0529059006     0.4852201373
   -0.0312450855     0.1340376623    -0.0571533801     0.4826602352
   -0.0315854155     0.1053846162    -0.0605859987     0.4832494296
   -0.0312484378     0.0781492952    -0.0632347245     0.4857838312
   -0.0304639401     0.0519531349    -0.0651300443     0.4894126180
   -0.0294208341     0.0264141573    -0.0662952202     0.4935583622
   -0.0282745610     0.0011451807    -0.0667453139     0.4978279529
   -0.0271609996    -0.0242502656    -0.0664846544     0.5019230427
   -0.0262096558    -0.0501832783    -0.0655059854     0.5055514662
   -0.0255572452    -0.0770827895    -0.0637889871     0.5083385151
   -0.0253586547    -0.1053941685    -0.0613000483     0.5097376799
   -0.0257908740    -0.1355686514    -0.0579923053     0.5089452467
   -0.0270458081    -0.1680251599    -0.0538093910     0.5048352037
   -0.0292979742    -0.2030608417    -0.0486941159     0.4959565581
   -0.0326229864    -0.2406253107    -0.0426082064     0.4806801908
   -0.0368487610    -0.2798604373    -0.0355826334     0.4576381154
   -0.0412296655    -0.3180967656    -0.0277710071     0.4265914876
   -0.0442541584    -0.3492665597    -0.0196571507     0.3896262801
   -0.0431057535    -0.3615820329    -0.0119410729     0.3519399028
   -0.0356200018    -0.3370779370    -0.0062152496     0.3208563550
   -0.0194154245    -0.2546460327    -0.0026909394     0.3022743191
   -0.0040302718    -0.1048816950    -0.0038951860     0.2963263517
    0.0000000000     0.0000000000    -0.0038951860     0.2963263517
    0.0000000000     0.0000000000     0.0121436621     0.7107211611
    0.0038541892     0.1152961896     0.0121436621     0.7107211611
    0.0156540783     0.2686085141     0.0127155266     0.7035201225
    0.0252014093     0.3455167790     0.0089650250     0.6818369654
    0.0263749918     0.3630333245     0.0030690440     0.6467508155
    0.0224405081     0.3460349711    -0.0045207700     0.6055831761
    0.0160814288     0.3129616306    -0.0124153607     0.5665117701
    0.0097474548     0.2747602609    -0.0199731311     0.5347668700
    0.0045389552     0.2364956922    -0.0267957922     0.5120062046
    0.0007929153     0.2001685489    -0.0327437546     0.4975164145
   -0.0015751875     0.1662971582    -0.0377877761     0.4895951939
   -0.0028017674     0.1348053653    -0.0419517339     0.4864253951
   -0.0031478052     0.1053713936    -0.0452795574     0.4864623217
   -0.0028547351     0.0775947138    -0.0478154509     0.4885355585
   -0.0021258051     0.0510540538    -0.0495981972     0.4918210298
   -0.0011294798     0.0253316348    -0.0506562629     0.4957646379
   -0.0000065518     0.0000160999    -0.0510073212     0.4999925959
    0.0011164862    -0.0252994346    -0.0506571683     0.5042206664
    0.0021131496    -0.0510218711    -0.0496000177     0.5081646629
    0.0028426679    -0.0775626217    -0.0478182045     0.5114509462
    0.0031366068    -0.1053395523    -0.0452832679     0.5135256532
    0.0027917506    -0.1347740535    -0.0419564267     0.5135650067
    0.0015666915    -0.1662667989    -0.0377934744     0.5103989132
   -0.0007995292    -0.2001397303    -0.0327504702     0.5024829473
   -0.0045433316    -0.2364691585    -0.0268035215     0.4880000400
   -0.0097492936    -0.2747369001    -0.0199818379     0.4652474998
   -0.0160806674    -0.3129425321    -0.0124249780     0.4335106821
   -0.0224375184    -0.3460217573    -0.0045311605     0.3944447754
   -0.0263707691    -0.3630283745     0.0030580656     0.3532767285
   -0.0251971464    -0.3455223891     0.0089537469     0.3181821524
   -0.0156508644    -0.2686237489     0.0127041204     0.2964840037
   -0.0038527927    -0.1153140287     0.0121322109     0.2892660873
    0.0000000000     0.0000000000     0.0121322109     0.2892660873
    0.0000000000     0.0000000000     0.0283763117     0.7036599273
    0.0040312114     0.1048624495     0.0283763117     0.7036599273
    0.0194182238     0.2546307191     0.0295806921     0.6977275722
    0.0356242349     0.3370737221     0.0260562967     0.6791596584
    0.0431104144     0.3615900134     0.0203300984     0.6480846932
    0.0442580434     0.3492842969     0.0126132914     0.6103997026
    0.0412317097     0.3181212697     0.0044984874     0.5734301276
    0.0368484345     0.2798893852    -0.0033142209     0.5423762370
    0.0326201951     0.2406571123    -0.0103409313     0.5193264708
    0.0292928930     0.2030943638    -0.0164279978     0.5040433937
    0.0270387111     0.1680595800    -0.0215444204     0.4951595303
    0.0257820666     0.1356033888    -0.0257284598     0.4910457486
    0.0253484368     0.1054288475    -0.0290372976     0.4902508069
    0.0255459007     0.0771171987    -0.0315273020     0.4916483792
    0.0261974474     0.0502173301    -0.0332453421     0.4944344609
    0.0271481737     0.0242839550    -0.0342250385     0.4980623213
    0.0282613575    -0.0011118162    -0.0344867223     0.5021571221
    0.0294075014    -0.0263810775    -0.0340376606     0.5064266679
    0.0304507475    -0.0519203335    -0.0328735335     0.5105726818
    0.0312356839    -0.0781168309    -0.0309792836     0.5142022174
    0.0315734273    -0.1053526386    -0.0283316481     0.5167380897
    0.0312342123    -0.1340064383    -0.0249001306     0.5173297725
    0.0299364698    -0.1644371238    -0.0206537462     0.5147736850
    0.0273579269    -0.1969466430    -0.0155642660     0.5074703569
    0.0231449156    -0.2316588271    -0.0096287004     0.4934882883
    0.0170208842    -0.2682783525    -0.0028859870     0.4708881573
    0.0089708692    -0.3053595023     0.0045167551     0.4385563036
   -0.0003008854    -0.3388454091     0.0122436456     0.3977011362
   -0.0088350962    -0.3589495352     0.0196857127     0.3534399357
   -0.0136520551    -0.3475234680     0.0256827766     0.3146144405
   -0.0109951209    -0.2770888329     0.0295544293     0.2898855519
   -0.0034242624    -0.1235664625     0.0296552545     0.2813764142
    0.0000000000     0.0000000000     0.0296552545     0.2813764142
    0.0000000000     0.0000000000     0.0461207172     0.6972709167
    0.0039856631     0.0928296232     0.0461207172     0.6972709167
    0.0221804073     0.2356962984     0.0478857730     0.6925810400
    0.0445831657     0.3221878724     0.0446988524     0.6771214966
    0.0586280183     0.3542042481     0.0392369112     0.6502305456
    0.0654261958     0.3480697092     0.0314555065     0.6163858971
    0.0663579190     0.3204197494     0.0231005658     0.5819115817
    0.0644059064     0.2834306835     0.0149500585     0.5518122533
    0.0614519079     0.2440719566     0.0075968738     0.5285358013
    0.0586795299     0.2057577998     0.0012355975     0.5123514064
    0.0565789619     0.1698049847    -0.0040845321     0.5023026093
    0.0552869332     0.1364878270    -0.0084059621     0.4970188677
    0.0547502988     0.1055975051    -0.0117946291     0.4951864177
    0.0548436695     0.0767347191    -0.0143171628     0.4957408678
    0.0554208886     0.0494407901    -0.0160282578     0.4978975994
    0.0563366822     0.0232569969    -0.0169670454     0.5011053983
    0.0574496332    -0.0022533396    -0.0171572221     0.5049703854
    0.0586161467    -0.0274982861    -0.0166083265     0.5091712990
    0.0596796370    -0.0528584793    -0.0153183584     0.5133735137
    0.0604601778    -0.0786927861    -0.0132756701     0.5171432616
    0.0607414196    -0.1053435457    -0.0104629988     0.5198620506
    0.0602648656    -0.1331408112    -0.0068588605     0.5206429149
    0.0587132802    -0.1623891018    -0.0024465819     0.5182553353
    0.0557195357    -0.1933419077     0.0027846848     0.5110791374
    0.0508454674    -0.2261123655     0.0088127869     0.4971421259
    0.0436807477    -0.2605262753     0.0155813815     0.4743798733
    0.0339282756    -0.2955654185     0.0229199417     0.4413921019
    0.0219530357    -0.3281132781     0.0305351054     0.3989762247
    0.0091748753    -0.3497314805     0.0378256703     0.3520362827
   -0.0012997348    -0.3432012867     0.0438680337     0.3098742756
   -0.0055864945    -0.2796703766     0.0477640357     0.2823216186
   -0.0027334664    -0.1291084294     0.0485478879     0.2725452890
    0.0000000000     0.0000000000     0.0485478879     0.2725452890
    0.0000000000     0.0000000000     0.0652927500     0.6912641122
    0.0037622933     0.0798009034     0.0652927500     0.6912641122
    0.0238723651     0.2125640155     0.0675146602     0.6878556601
    0.0517120446     0.3010483961     0.0647711907     0.6754643045
    0.0723766950     0.3404875968     0.0596964285     0.6528378290
    0.0853945147     0.3417246622     0.0519739139     0.6231443897
    0.0910761228     0.3191903289     0.0434230241     0.5916185185
    0.0922911161     0.2848702182     0.0349023461     0.5628963794
    0.0911757662     0.2464123232     0.0271308313     0.5396635506
    0.0893319295     0.2079819108     0.0203735993     0.5226730800
    0.0876095938     0.1714521749     0.0147199638     0.5114234493
    0.0864088060     0.1374259953     0.0101385285     0.5048634933
    0.0858402101     0.1058627624     0.0065626700     0.5018643687
    0.0858708763     0.0764361678     0.0039194706     0.5014493513
    0.0863976563     0.0487139086     0.0021476101     0.5028600884
    0.0872868254     0.0222453748     0.0012022470     0.5055345868
    0.0883880878    -0.0034000817     0.0010552755     0.5090453622
    0.0895365698    -0.0286187665     0.0016934354     0.5130227754
    0.0905471782    -0.0537704409     0.0031147234     0.5170744628
    0.0912088626    -0.0791833313     0.0053256510     0.5207049625
    0.0912733145    -0.1051593416     0.0083357633     0.5232374265
    0.0904520199    -0.1319786407     0.0121559870     0.5237400775
    0.0883945836    -0.1598861473     0.0167871131     0.5209631947
    0.0846991622    -0.1890707846     0.0222209974     0.5133006310
    0.0788655557    -0.2195967903     0.0284074560     0.4988139476
    0.0703969572    -0.2513328716     0.0352678161     0.4754320871
    0.0587855724    -0.2835702110     0.0425978213     0.4416038703
    0.0441388095    -0.3140243178     0.0501316503     0.3977936363
    0.0273501773    -0.3356807742     0.0572569106     0.3486260433
    0.0115375908    -0.3327379188     0.0632839318     0.3036475070
    0.0004021196    -0.2761550983     0.0671109756     0.2736187066
   -0.0017901938    -0.1314777837     0.0685598798     0.2626672812
    0.0000000000     0.0000000000     0.0685598798     0.2626672812
    0.0000000000     0.0000000000     0.0857201446     0.6850376030
    0.0034180949     0.0663701086     0.0857201446     0.6850376030
    0.0244944717     0.1862071588     0.0882678137     0.6831207287
    0.0566642339     0.2741363111     0.0860473203     0.6738455494
    0.0836762324     0.3202056422     0.0814984675     0.6555265072
    0.1033334516     0.3295404412     0.0740235065     0.6302390025
    0.1146174309     0.3135701175     0.0654089427     0.6021367099
    0.1199462001     0.2834216671     0.0565696439     0.5753403995
    0.1215129257     0.2470720135     0.0483517297     0.5526178056
    0.1212496925     0.2093493828     0.0411172760     0.5351287942
    0.1203671075     0.1727350001     0.0350212465     0.5228282918
    0.1195639901     0.1382560312     0.0300642032     0.5150250763
    0.1191569760     0.1061294307     0.0261920015     0.5108195642
    0.1192383278     0.0761696116     0.0233329997     0.5093536326
    0.1197686579     0.0480170730     0.0214226061     0.5099092222
    0.1206360864     0.0212596056     0.0204110704     0.5119133487
    0.1216848824    -0.0045085625     0.0202650355     0.5148946623
    0.1227287356    -0.0296612067     0.0209657316     0.5184188532
    0.1235528006    -0.0545323082     0.0225048030     0.5220171773
    0.1239141968    -0.0794185761     0.0248810441     0.5251152216
    0.1235329686    -0.1045828023     0.0280936584     0.5269661019
    0.1220921865    -0.1302564384     0.0321405835     0.5265921522
    0.1192109373    -0.1566234131     0.0370045079     0.5227403502
    0.1144589324    -0.1837998417     0.0426563672     0.5138599608
    0.1072887407    -0.2117795533     0.0490158795     0.4981236930
    0.0971536736    -0.2404225149     0.0559791307     0.4735734994
    0.0834037647    -0.2692359675     0.0633030068     0.4386519675
    0.0659835722    -0.2966451929     0.0707395316     0.3935951841
    0.0453240676    -0.3170452805     0.0776547275     0.3427149540
    0.0244888007    -0.3163799398     0.0835847431     0.2955831454
    0.0067505657    -0.2664979652     0.0872462683     0.2635821653
   -0.0006280118    -0.1303158273     0.0893133250     0.2516302741
    0.0000000000     0.0000000000     0.0893133250     0.2516302741
    0.0000000000     0.0000000000     0.1071538700     0.6773920534
    0.0030145073     0.0530795960     0.1071538700     0.6773920534
    0.0241387842     0.1577881218     0.1098810706     0.6774534122
    0.0591983487     0.2423285617     0.1082145752     0.6716295361
    0.0917955465     0.2934587793     0.1043194176     0.6577717310
    0.1181495243     0.3109387918     0.0973286211     0.6371323161
    0.1357572319     0.3026185370     0.0888780433     0.6129215971
    0.1462310800     0.2780797038     0.0798819418     0.5886745430
    0.1515477213     0.2451665892     0.0712877220     0.5670872495
    0.1537982807     0.2091707075     0.0635679297     0.5496073254
    0.1544903257     0.1731593188     0.0569674468     0.5366002601
    0.1546199746     0.1386469727     0.0515440115     0.5277435831
    0.1547373180     0.1061921984     0.0472749743     0.5223977423
    0.1550920099     0.0758251541     0.0441026042     0.5198526428
    0.1557357307     0.0473157887     0.0419660394     0.5194484213
    0.1565982729     0.0203291186     0.0408136258     0.5206060561
    0.1575322753    -0.0054914475     0.0406069833     0.5228050702
    0.1583400596    -0.0304837762     0.0413203011     0.5255352863
    0.1587852505    -0.0549505120     0.0429362625     0.5282392509
    0.1586005174    -0.0791561847     0.0454427966     0.5302551417
    0.1574806827    -0.1033260466     0.0488254629     0.5307664710
    0.1550855466    -0.1276439524     0.0530660571     0.5287637633
    0.1510073377    -0.1522321945     0.0581264315     0.5230227432
    0.1447917326    -0.1771301685     0.0639543824     0.5121023456
    0.1358552356    -0.2022533509     0.0704382628     0.4943680571
    0.1236312554    -0.2274284401     0.0774478444     0.4680881790
    0.1073940851    -0.2523199043     0.0847012219     0.4318353280
    0.0870249962    -0.2759487346     0.0919639849     0.3857289566
    0.0625941544    -0.2940388171     0.0985800348     0.3337571532
    0.0370844184    -0.2944511657     0.1043003185     0.2853000080
    0.0131696931    -0.2508412475     0.1076930698     0.2519984943
    0.0006899131    -0.1254078405     0.1103016682     0.2393118050
    0.0000000000     0.0000000000     0.1103016682     0.2393118050
    0.0000000000     0.0000000000     0.1292728045     0.6662067573
    0.0026075279     0.0403717202     0.1292728045     0.6662067573
    0.0229864698     0.1285685470     0.1320344190     0.6690100068
    0.0592760444     0.2069369812     0.1308932712     0.6674573245
    0.0961178756     0.2608679505     0.1277356075     0.6585921681
    0.1286295130     0.2857026246     0.1214736033     0.6430012392
    0.1528759692     0.2855105265     0.1134889640     0.6231875262
    0.1693749529     0.2677379472     0.1046127190     0.6021546738
    0.1795736684     0.2395740326     0.0958340874     0.5824319449
    0.1854709791     0.2064659391     0.0877253923     0.5656281965
    0.1887264547     0.1719508400     0.0806355233     0.5524356245
    0.1905721232     0.1380346243     0.0747041469     0.5428713102
    0.1917840500     0.1056742042     0.0699635222     0.5365616388
    0.1927872967     0.0751835723     0.0663879287     0.5329625361
    0.1937513525     0.0465212554     0.0639320162     0.5314878526
    0.1946747291     0.0194733189     0.0625486771     0.5315602108
    0.1954430589    -0.0062390016     0.0621969017     0.5326106917
    0.1958690572    -0.0309013409     0.0628434462     0.5340510752
    0.1957137472    -0.0547774185     0.0644598760     0.5352356694
    0.1947011335    -0.0780969259     0.0670201214     0.5354240112
    0.1925127834    -0.1010466719     0.0704926212     0.5337519127
    0.1887930611    -0.1237612946     0.0748396017     0.5292162063
    0.1831122402    -0.1462994019     0.0799992673     0.5206762671
    0.1749970839    -0.1686226981     0.0858941847     0.5068705057
    0.1638416473    -0.1905727994     0.0923813305     0.4864395020
    0.1490905850    -0.2119454943     0.0993053050     0.4579729440
    0.1300121845    -0.2325417675     0.1063509773     0.4202806974
    0.1065236721    -0.2518858555     0.1132985952     0.3734610688
    0.0784596004    -0.2669041104     0.1194793945     0.3211769687
    0.0487196609    -0.2674022468     0.1248455957     0.2724054797
    0.0192866243    -0.2295617502     0.1278624608     0.2386438609
    0.0020671558    -0.1167389810     0.1309059690     0.2255795420
    0.0000000000     0.0000000000     0.1309059690     0.2255795420
    0.0000000000     0.0000000000     0.1516864413     0.6482948586
    0.0022347097     0.0285627584     0.1516864413     0.6482948586
    0.0212509399     0.0997852032     0.1543532759     0.6546496390
    0.0570803206     0.1696481447     0.1536613616     0.6586416677
    0.0963113106     0.2237199082     0.1512625603     0.6559261499
    0.1336937403     0.2542707693     0.1459369267     0.6462503280
    0.1641977199     0.2618707767     0.1387478944     0.6315769695
    0.1871273953     0.2514817921     0.1303562982     0.6145323333
    0.2031241397     0.2291489350     0.1217052950     0.5974901755
    0.2137991956     0.2000965728     0.1134252081     0.5821410956
    0.2207419096     0.1681197914     0.1059626381     0.5694147303
    0.2252845805     0.1356399897     0.0995553187     0.5596100045
    0.2283666867     0.1040178406     0.0943136305     0.5525961808
    0.2305744702     0.0738923803     0.0902657657     0.5479936464
    0.2322085206     0.0454589020     0.0873985708     0.5452968925
    0.2333624192     0.0186657723     0.0856803364     0.5439388572
    0.2339856237    -0.0066581254     0.0850731876     0.5433120363
    0.2339315271    -0.0307270000     0.0855383753     0.5427645476
    0.2329851822    -0.0537540552     0.0870356907     0.5415861912
    0.2308828725    -0.0759264789     0.0895228462     0.5389952676
    0.2273075107    -0.0973863188     0.0929482905     0.5341332416
    0.2218971198    -0.1182129740     0.0972516896     0.5260715312
    0.2142077496    -0.1383982965     0.1023454322     0.5138312307
    0.2037585100    -0.1578305748     0.1081257015     0.4964091777
    0.1899464297    -0.1762966303     0.1144202438     0.4727911553
    0.1722704072    -0.1935903653     0.1210526728     0.4419467170
    0.1500727162    -0.2096636724     0.1276860189     0.4029794582
    0.1234004629    -0.2244752655     0.1341211304     0.3560250679
    0.0919833951    -0.2359957065     0.1396947343     0.3044169485
    0.0586387572    -0.2358779717     0.1445428709     0.2565293464
    0.0246425219    -0.2033300191     0.1470843588     0.2232988251
    0.0033741016    -0.1045565698     0.1504287259     0.2102938240
    0.0000000000     0.0000000000     0.1504287259     0.2102938240
    0.0000000000     0.0000000000     0.1739261135     0.6197540773
    0.0019050541     0.0178518749     0.1739261135     0.6197540773
    0.0190859120     0.0725266479     0.1763879818     0.6300538755
    0.0529010228     0.1323129308     0.1760493368     0.6408241382
    0.0923832972     0.1838917975     0.1743729346     0.6459080724
    0.1326613527     0.2178690278     0.1701208732     0.6436815379
    0.1681915810     0.2320360283     0.1640229344     0.6354227021
    0.1971857511     0.2288769344     0.1565060472     0.6234638886
    0.2193354521     0.2129614721     0.1483716801     0.6100999478
    0.2355999670     0.1889207541     0.1402410869     0.5970997783
    0.2472410614     0.1605307264     0.1326269895     0.5855780396
    0.2554942633     0.1304700038     0.1258642069     0.5760584567
    0.2613390510     0.1004380194     0.1201566158     0.5686143734
    0.2654620889     0.0713908620     0.1156069280     0.5630136776
    0.2682788491     0.0437792676     0.1122531188     0.5588323973
    0.2699887736     0.0177402702     0.1100932357     0.5555289579
    0.2706291462    -0.0067648087     0.1091018423     0.5524860107
    0.2701213891    -0.0298581741     0.1092396521     0.5490316518
    0.2682991123    -0.0516855790     0.1104564833     0.5444511323
    0.2649295475    -0.0723769482     0.1126935556     0.5379974388
    0.2597104610    -0.0920169105     0.1158781052     0.5289060912
    0.2522850831    -0.1106209225     0.1199257559     0.5164166404
    0.2422123936    -0.1281145879     0.1247227229     0.4997992593
    0.2290321584    -0.1443285466     0.1301399195     0.4783763429
    0.2121942088    -0.1590324442     0.1359814954     0.4515128677
    0.1913167867    -0.1720713008     0.1420583392     0.4185585756
    0.1659087370    -0.1835853494     0.1480286200     0.3789008263
    0.1362254048    -0.1939113593     0.1537230396     0.3327236490
    0.1020045483    -0.2018788005     0.1585075898     0.2830176104
    0.0659612466    -0.2007924884     0.1626780871     0.2373735480
    0.0287174093    -0.1731651769     0.1646706168     0.2057685826
    0.0044575301    -0.0894203395     0.1681596532     0.1933111574
    0.0000000000     0.0000000000     0.1681596532     0.1933111574
    0.0000000000     0.0000000000     0.1954552892     0.5769749078
    0.0015838133     0.0084052874     0.1954552892     0.5769749078
    0.0164739095     0.0477429680     0.1976164559     0.5907539240
    0.0468784458     0.0967672107     0.1975512477     0.6086405587
    0.0844622087     0.1436534520     0.1965389995     0.6228638144
    0.1252526984     0.1785063015     0.1934341127     0.6298986171
    0.1638439191     0.1972952115     0.1886515742     0.6298439500
    0.1976801331     0.2003870658     0.1823586227     0.6245366352
    0.2255449933     0.1907901838     0.1751370440     0.6161673934
    0.2475926128     0.1722723269     0.1675250626     0.6065883506
    0.2645354018     0.1483106534     0.1600507960     0.5970823170
    0.2772995449     0.1216287514     0.1531255208     0.5883657857
    0.2867408649     0.0941332124     0.1470480861     0.5806890397
    0.2935403372     0.0670309965     0.1420091463     0.5739590164
    0.2981716116     0.0410052294     0.1381148156     0.5678493201
    0.3009180697     0.0163830710     0.1354085194     0.5618854322
    0.3019030970    -0.0067280486     0.1338893618     0.5555059245
    0.3011233069    -0.0283393089     0.1335257565     0.5481057051
    0.2984705119    -0.0485085510     0.1342625671     0.5390680913
    0.2937532534    -0.0672895476     0.1360271961     0.5277912924
    0.2866985242    -0.0846961821     0.1387272014     0.5137128150
    0.2769783144    -0.1006773076     0.1422554052     0.4963330137
    0.2641956916    -0.1151065317     0.1464745894     0.4752345604
    0.2479716877    -0.1277925640     0.1512351454     0.4500864155
    0.2278933096    -0.1385455965     0.1563277227     0.4206030196
    0.2037861539    -0.1473286945     0.1615629685     0.3864429210
    0.1754184725    -0.1545074294     0.1666147844     0.3472030911
    0.1432947943    -0.1607292764     0.1713530408     0.3030874357
    0.1072262063    -0.1654698357     0.1751973609     0.2567248892
    0.0697650899    -0.1634280860     0.1785697589     0.2147718062
    0.0309869479    -0.1404936532     0.1799881276     0.1859048956
    0.0051599042    -0.0722430474     0.1834542708     0.1744871353
    0.0000000000     0.0000000000     0.1834542708     0.1744871353
    0.0000000000     0.0000000000     0.2156773332     0.5179888171
    0.0011920200     0.0004697345     0.2156773332     0.5179888171
    0.0132066660     0.0263393335     0.2174448560     0.5338569198
    0.0388650550     0.0646863195     0.2176021157     0.5576295631
    0.0725644782     0.1052583586     0.2171940240     0.5808315645
    0.1114434942     0.1385000176     0.2152502739     0.5980337645
    0.1507530013     0.1595187351     0.2119031603     0.6076668575
    0.1875599846     0.1671622479     0.2070714530     0.6106032495
    0.2199322211     0.1630420405     0.2010759120     0.6086580814
    0.2472108261     0.1499545903     0.1943141089     0.6036403738
    0.2694356711     0.1308624660     0.1872756849     0.5969438825
    0.2870563043     0.1083159595     0.1804138572     0.5894526237
    0.3006437430     0.0842558602     0.1741080863     0.5815941389
    0.3107421715     0.0600235319     0.1686376241     0.5734441772
    0.3177877552     0.0364677789     0.1641856483     0.5648357122
    0.3220830623     0.0140763735     0.1608527633     0.5554527572
    0.3237964021    -0.0069021000     0.1586740473     0.5449038182
    0.3229761591    -0.0263589889     0.1576351915     0.5327765216
    0.3195647362    -0.0442507930     0.1576836168     0.5186772922
    0.3134214265    -0.0605451051     0.1587387065     0.5022602408
    0.3043333475    -0.0751857501     0.1606934257     0.4832480554
    0.2920564626    -0.0880725206     0.1634230073     0.4614461601
    0.2763201754    -0.0990648925     0.1667740275     0.4367461776
    0.2569276454    -0.1080067547     0.1705859227     0.4091078792
    0.2337146981    -0.1148156648     0.1746504496     0.3784907327
    0.2068024578    -0.1196286055     0.1787931623     0.3447316520
    0.1762755597    -0.1230376823     0.1827236825     0.3075297599
    0.1428572665    -0.1258951382     0.1863558981     0.2670692942
    0.1064220359    -0.1280866883     0.1891822254     0.2256036465
    0.0692527338    -0.1254323167     0.1917063922     0.1887433410
    0.0310280685    -0.1070958088     0.1925864672     0.1636224927
    0.0053560532    -0.0542324780     0.1958578728     0.1536773386
    0.0000000000     0.0000000000     0.1958578728     0.1536773386
    0.0000000000     0.0000000000     0.2339876504     0.4433668794
    0.0006086354    -0.0054876760     0.2339876504     0.4433668794
    0.0089518476     0.0093738618     0.2352883493     0.4594167391
    0.0285133828     0.0377234734     0.2356756578     0.4862904811
    0.0565685358     0.0709193452     0.2358537524     0.5160147861
    0.0913561958     0.1003763692     0.2350657929     0.5419780493
    0.1290791508     0.1211560473     0.2331883762     0.5609527653
    0.1667444631     0.1312495744     0.2299241208     0.5724680883
    0.2019461165     0.1311936305     0.2253289977     0.5775545552
    0.2333098483     0.1228564229     0.2196314704     0.5776857228
    0.2601828981     0.1085686924     0.2132421394     0.5742026679
    0.2824422796     0.0905337456     0.2066206313     0.5680937380
    0.3002455005     0.0705600343     0.2002039775     0.5599746204
    0.3138685897     0.0499929239     0.1943504102     0.5501552998
    0.3235941774     0.0297588787     0.1893208458     0.5387311890
    0.3296526357     0.0104546220     0.1852799434     0.5256683659
    0.3321953357    -0.0075565935     0.1823084361     0.5108716502
    0.3312929495    -0.0240598342     0.1804195328     0.4942339432
    0.3269437024    -0.0389220265     0.1795729788     0.4756692940
    0.3190982437    -0.0520436609     0.1796891541     0.4551336041
    0.3076789254    -0.0633309205     0.1806553025     0.4326355092
    0.2926286727    -0.0726827635     0.1823383678     0.4082390697
    0.2739242835    -0.0800051138     0.1845798783     0.3820535005
    0.2516684321    -0.0852409076     0.1872209044     0.3542006435
    0.2260397091    -0.0884630475     0.1900694606     0.3247348488
    0.1974862581    -0.0899904153     0.1929780438     0.2935315326
    0.1663734808    -0.0905723779     0.1957042026     0.2603060528
    0.1335105833    -0.0911083675     0.1982018104     0.2252066662
    0.0987442383    -0.0916592556     0.2000459843     0.1901087637
    0.0639601064    -0.0889351928     0.2017698276     0.1595123424
    0.0286224215    -0.0751354075     0.2022162151     0.1388997007
    0.0049781541    -0.0368715674     0.2051393491     0.1307361459
    0.0000000000     0.0000000000     0.2051393491     0.1307361459
    0.0000000000     0.0000000000     0.2497620236     0.3559718069
   -0.0002315131    -0.0087749782     0.2497620236     0.3559718069
    0.0036740217    -0.0020270981     0.2505622762     0.3703322437
    0.0160593812     0.0172787765     0.2512013634     0.3965865191
    0.0371411912     0.0422819467     0.2519242367     0.4282154790
    0.0661367680     0.0659551980     0.2521854552     0.4585854271
    0.1002956561     0.0839917064     0.2516420912     0.4834908925
    0.1367633763     0.0941676362     0.2498355953     0.5012338598
    0.1728732558     0.0963411009     0.2465944298     0.5118602875
    0.2066762812     0.0916070654     0.2419851741     0.5162424224
    0.2368773959     0.0816438373     0.2363214246     0.5154660008
    0.2627535944     0.0681957026     0.2300402551     0.5105173564
    0.2839732951     0.0527980056     0.2236079620     0.5021776330
    0.3004513430     0.0366670420     0.2174408090     0.4910237002
    0.3122322591     0.0206963662     0.2118656012     0.4774714694
    0.3194167050     0.0055044893     0.2071071807     0.4618267758
    0.3221199066    -0.0085004351     0.2032939060     0.4443287598
    0.3204581544    -0.0210576528     0.2004722313     0.4251816693
    0.3145496887    -0.0320026891     0.1986223071     0.4045756411
    0.3045337537    -0.0412293530     0.1976751242     0.3826990837
    0.2905858201    -0.0486693690     0.1975232392     0.3597437156
    0.2729554763    -0.0542833150     0.1980374643     0.3359032418
    0.2519674259    -0.0580753972     0.1990675558     0.3113597152
    0.2280782196    -0.0601153008     0.2004687355     0.2862504013
    0.2017985781    -0.0606138529     0.2020761291     0.2605969262
    0.1738058817    -0.0599932266     0.2037730643     0.2342323709
    0.1445794563    -0.0590068668     0.2053654347     0.2068718135
    0.1147958383    -0.0584161978     0.2068347591     0.1786464767
    0.0841490206    -0.0582792355     0.2078389641     0.1510544517
    0.0540382423    -0.0560676023     0.2088872402     0.1274696714
    0.0239176119    -0.0466741693     0.2090338949     0.1117629844
    0.0040696789    -0.0215530720     0.2114623063     0.1055231071
    0.0000000000     0.0000000000     0.2114623063     0.1055231071
    0.0000000000     0.0000000000     0.2623119663     0.2596736978
   -0.0012481143    -0.0088463632     0.2623119663     0.2596736978
   -0.0020484426    -0.0071110861     0.2626969054     0.2708497431
    0.0028647934     0.0044225366     0.2637114192     0.2926338338
    0.0163615887     0.0209167558     0.2650525457     0.3204058783
    0.0384670024     0.0374044510     0.2663091405     0.3486559545
    0.0674345963     0.0506960848     0.2669404388     0.3732937964
    0.1006645626     0.0588744835     0.2663732610     0.3920863595
    0.1353893136     0.0614913555     0.2642667995     0.4043647776
    0.1692283360     0.0590732850     0.2605614160     0.4104106292
    0.2003395992     0.0527021781     0.2554849948     0.4109568422
    0.2274513988     0.0436228453     0.2494449810     0.4068672814
    0.2497699669     0.0330053412     0.2429220827     0.3989747050
    0.2668741810     0.0218243945     0.2363762350     0.3880161417
    0.2786120102     0.0108255455     0.2301907407     0.3746193796
    0.2850219481     0.0005395392     0.2246474099     0.3593112232
    0.2862774107    -0.0086817194     0.2199244488     0.3425323598
    0.2826542773    -0.0166238399     0.2161076762     0.3246524183
    0.2745113100    -0.0231735186     0.2132061497     0.3059827017
    0.2622856270    -0.0282890803     0.2111710365     0.2867864589
    0.2464841469    -0.0319829840     0.2099098703     0.2672853941
    0.2276898938    -0.0343097655     0.2093058460     0.2476620622
    0.2065347459    -0.0353707365     0.2092230709     0.2280517590
    0.1837111380    -0.0353184065     0.2095322551     0.2085197144
    0.1598729788    -0.0344040387     0.2100909661     0.1890146283
    0.1356841369    -0.0330059742     0.2108007907     0.1693427449
    0.1114892771    -0.0317016273     0.2115015097     0.1492688897
    0.0876283885    -0.0309798682     0.2121858589     0.1289322259
    0.0635783094    -0.0308314887     0.2125916849     0.1094391265
    0.0402626436    -0.0294717718     0.2131688503     0.0930730707
    0.0173179018    -0.0240348673     0.2131902736     0.0822714071
    0.0027034165    -0.0097711558     0.2150701949     0.0779381494
    0.0000000000     0.0000000000     0.2150701949     0.0779381494
    0.0000000000     0.0000000000     0.2710183303     0.1578905968
   -0.0019190424    -0.0055123488     0.2710183303     0.1578905968
   -0.0060604659    -0.0059910470     0.2711557807     0.1648696835
   -0.0070366583    -0.0011491803     0.2724663377     0.1790214761
   -0.0005574915     0.0065065996     0.2742191926     0.1976823226
    0.0139285792     0.0145109036     0.2760752801     0.2173013660
    0.0355623973     0.0212103964     0.2773808991     0.2349665399
    0.0622081065     0.0254923613     0.2775281001     0.2488431108
    0.0912948626     0.0269857596     0.2760985163     0.2581512458
    0.1203449297     0.0258741178     0.2729637215     0.2628605776
    0.1472868776     0.0227017131     0.2682891991     0.2633833390
    0.1705936170     0.0181498373     0.2624456112     0.2603353195
    0.1892776507     0.0128844975     0.2559033188     0.2543853526
    0.2028267807     0.0074674851     0.2491347615     0.2461713255
    0.2111106730     0.0023223454     0.2425501518     0.2362601078
    0.2142894111    -0.0022654493     0.2364644530     0.2251331396
    0.2127325217    -0.0061301830     0.2310891662     0.2131860069
    0.2069546738    -0.0092002289     0.2265400784     0.2007352550
    0.1975636617    -0.0114728188     0.2228520046     0.1880282402
    0.1852233942    -0.0129910439     0.2199979475     0.1752539490
    0.1706187472    -0.0138276060     0.2179049362     0.1625522380
    0.1544360111    -0.0140703273     0.2164734550     0.1500203191
    0.1373250011    -0.0138193842     0.2155844329     0.1377114849
    0.1198954430    -0.0131822515     0.2151217993     0.1256249807
    0.1026375007    -0.0123017849     0.2149572930     0.1136852096
    0.0859528269    -0.0113626357     0.2149985299     0.1017456157
    0.0699092884    -0.0106470770     0.2151057899     0.0896735252
    0.0545017934    -0.0103532838     0.2152734916     0.0775998766
    0.0390931221    -0.0104772625     0.2153064288     0.0662063436
    0.0242294967    -0.0100511547     0.2155763143     0.0567736415
    0.0097745944    -0.0079515773     0.2155473783     0.0505729158
    0.0011490094    -0.0020398229     0.2168224680     0.0480394307
    0.0000000000     0.0000000000     0.2168224680     0.0480394307
    0.0000000000     0.0000000000     0.2747363795     0.0529899741
   -0.0014855644    -0.0014942776     0.2747363795     0.0529899741
   -0.0056106885    -0.0019875603     0.2749949857     0.0553294193
   -0.0089320413    -0.0011785866     0.2769691495     0.0601678793
   -0.0080225430     0.0003167403     0.2796799801     0.0666660154
   -0.0023376837     0.0019590997     0.2825774907     0.0736207944
    0.0079003212     0.0033716412     0.2848110522     0.0799755522
    0.0214777466     0.0042699292     0.2856618709     0.0850088889
    0.0367628888     0.0045394243     0.2846552548     0.0883728281
    0.0520766961     0.0042152907     0.2816538091     0.0900153263
    0.0659929579     0.0034414095     0.2768412086     0.0900783195
    0.0774936536     0.0024052109     0.2706260948     0.0888040562
    0.0859966968     0.0012879717     0.2635277318     0.0864678806
    0.0913087545     0.0002338243     0.2560723190     0.0833360259
    0.0935374592    -0.0006618272     0.2487229541     0.0796430472
    0.0929963161    -0.0013507851     0.2418424757     0.0755825812
    0.0901179666    -0.0018231645     0.2356826476     0.0713064423
    0.0853855720    -0.0020955490     0.2303906083     0.0669284888
    0.0792824833    -0.0021996610     0.2260236074     0.0625306506
    0.0722612908    -0.0021725603     0.2225684441     0.0581695117
    0.0647239053    -0.0020503730     0.2199586668     0.0538819381
    0.0570173303    -0.0018633987     0.2180941232     0.0496890714
    0.0494252904    -0.0016364780     0.2168502376     0.0455969531
    0.0421805462    -0.0013879231     0.2160980679     0.0415941424
    0.0354352198    -0.0011411901     0.2156946384     0.0376468412
    0.0292849602    -0.0009251626     0.2155224790     0.0337046991
    0.0236303175    -0.0008007163     0.2154333631     0.0297325921
    0.0183211491    -0.0008024693     0.2154045408     0.0257894802
    0.0128518485    -0.0009478429     0.2153144406     0.0221048429
    0.0074312661    -0.0009716353     0.2155154275     0.0190796665
    0.0020442144    -0.0006874862     0.2156920789     0.0170912389
   -0.0004091250     0.0004571340     0.2168000790     0.0162646407
    0.0000000000     0.0000000000     0.2168000790     0.0162646407
    0.0000000000     0.0000000000     0.0000000000     0.0000000000
    0.0000000000     0.0000000000     0.2747363795     0.0000000000
    0.0000000000     0.0000000000     0.2749949857     0.0000000000
    0.0000000000     0.0000000000     0.2769691495     0.0000000000
    0.0000000000     0.0000000000     0.2796799801     0.0000000000
    0.0000000000     0.0000000000     0.2825774907     0.0000000000
    0.0000000000     0.0000000000     0.2848110522     0.0000000000
    0.0000000000     0.0000000000     0.2856618709     0.0000000000
    0.0000000000     0.0000000000     0.2846552548     0.0000000000
    0.0000000000     0.0000000000     0.2816538091     0.0000000000
    0.0000000000     0.0000000000     0.2768412086     0.0000000000
    0.0000000000     0.0000000000     0.2706260948     0.0000000000
    0.0000000000     0.0000000000     0.2635277318     0.0000000000
    0.0000000000     0.0000000000     0.2560723190     0.0000000000
    0.0000000000     0.0000000000     0.2487229541     0.0000000000
    0.0000000000     0.0000000000     0.2418424757     0.0000000000
    0.0000000000     0.0000000000     0.2356826476     0.0000000000
    0.0000000000     0.0000000000     0.2303906083     0.0000000000
    0.0000000000     0.0000000000     0.2260236074     0.0000000000
    0.0000000000     0.0000000000     0.2225684441     0.0000000000
    0.0000000000     0.0000000000     0.2199586668     0.0000000000
    0.0000000000     0.0000000000     0.2180941232     0.0000000000
    0.0000000000     0.0000000000     0.2168502376     0.0000000000
    0.0000000000     0.0000000000     0.2160980679     0.0000000000
    0.0000000000     0.0000000000     0.2156946384     0.0000000000
    0.0000000000     0.0000000000     0.2155224790     0.0000000000
    0.0000000000     0.0000000000     0.2154333631     0.0000000000
    0.0000000000     0.0000000000     0.2154045408     0.0000000000
    0.0000000000     0.0000000000     0.2153144406     0.0000000000
    0.0000000000     0.0000000000     0.2155154275     0.0000000000
    0.0000000000     0.0000000000     0.2156920789     0.0000000000
    0.0000000000     0.0000000000     0.2168000790     0.0000000000
    0.0000000000     0.0000000000     0.0000000000     0.0000000000
