shear_layer 200 200 1.000e+100
residual and conservation information
n            dt               t                res              maxdiv           umom             vmom             k
1            1.00000000e-02   0.00000000e+00   1.55017145e-04   0.00000000e+00   3.94784176e+01   1.53740715e-17   3.68711987e+01
2            1.00000000e-02   1.00000000e-02   1.55091251e-04   2.53703308e-17   3.94784176e+01  -4.92221434e-17   3.68711987e+01 
3            1.00000000e-02   2.00000000e-02   1.55200289e-04   3.38271078e-17   3.94784176e+01  -4.06484759e-17   3.68711987e+01 
4            1.00000000e-02   3.00000000e-02   1.55330916e-04   3.73507648e-17   3.94784176e+01  -4.39233170e-17   3.68711987e+01 
5            1.00000000e-02   4.00000000e-02   1.55461927e-04   4.35849273e-17   3.94784176e+01   3.04042476e-18   3.68711987e+01 
6            1.00000000e-02   5.00000000e-02   1.55641647e-04   5.00901404e-17   3.94784176e+01  -2.59247139e-17   3.68711987e+01 
7            1.00000000e-02   6.00000000e-02   1.55829149e-04   4.70543743e-17   3.94784176e+01  -5.23733177e-17   3.68711987e+01 
8            1.00000000e-02   7.00000000e-02   1.56023577e-04   5.72458747e-17   3.94784176e+01  -8.22977212e-18   3.68711987e+01 
9            1.00000000e-02   8.00000000e-02   1.56267572e-04   5.69748242e-17   3.94784176e+01  -2.32993353e-17   3.68711987e+01 
10           1.00000000e-02   9.00000000e-02   1.56511474e-04   6.33174069e-17   3.94784176e+01  -1.36457008e-18   3.68711987e+01 
11           1.00000000e-02   1.00000000e-01   1.56777273e-04   7.76288755e-17   3.94784176e+01  -3.13139610e-17   3.68711987e+01 
12           1.00000000e-02   1.10000000e-01   1.57077426e-04   8.10983225e-17   3.94784176e+01  -3.22939781e-17   3.68711987e+01 
13           1.00000000e-02   1.20000000e-01   1.57376955e-04   8.89045781e-17   3.94784176e+01  -1.54447988e-17   3.68711987e+01 
14           1.00000000e-02   1.30000000e-01   1.57714614e-04   9.53555811e-17   3.94784176e+01  -1.00983268e-17   3.68711987e+01 
15           1.00000000e-02   1.40000000e-01   1.58070004e-04   1.03541307e-16   3.94784176e+01   3.21703113e-18   3.68711987e+01 
16           1.00000000e-02   1.50000000e-01   1.58424089e-04   1.10805462e-16   3.94784176e+01  -2.87601567e-17   3.68711987e+01 
17           1.00000000e-02   1.60000000e-01   1.58834129e-04   1.14329119e-16   3.94784176e+01  -4.06804514e-17   3.68711987e+01 
18           1.00000000e-02   1.70000000e-01   1.59243540e-04   1.21322223e-16   3.94784176e+01  -1.52389698e-17   3.68711987e+01 
19           1.00000000e-02   1.80000000e-01   1.59669274e-04   1.26689024e-16   3.94784176e+01  -3.11674243e-17   3.68711987e+01 
20           1.00000000e-02   1.90000000e-01   1.60133787e-04   1.34928960e-16   3.94784176e+01  -1.23344938e-17   3.68711987e+01 
21           1.00000000e-02   2.00000000e-01   1.60595705e-04   1.43006267e-16   3.94784176e+01  -2.24294324e-17   3.68711987e+01 
22           1.00000000e-02   2.10000000e-01   1.61094726e-04   1.45716772e-16   3.94784176e+01  -1.92361182e-17   3.68711987e+01 
23           1.00000000e-02   2.20000000e-01   1.61611005e-04   1.49403059e-16   3.94784176e+01  -1.69677640e-17   3.68711987e+01 
24           1.00000000e-02   2.30000000e-01   1.62126230e-04   1.59269299e-16   3.94784176e+01   7.65209565e-18   3.68711987e+01 
25           1.00000000e-02   2.40000000e-01   1.62696556e-04   1.64473470e-16   3.94784176e+01  -1.95986483e-17   3.68711987e+01 
26           1.00000000e-02   2.50000000e-01   1.63262652e-04   1.76182853e-16   3.94784176e+01  -4.62632455e-17   3.68711987e+01 
27           1.00000000e-02   2.60000000e-01   1.63852183e-04   1.80519662e-16   3.94784176e+01  -3.75523587e-17   3.68711987e+01 
28           1.00000000e-02   2.70000000e-01   1.64471385e-04   1.88976439e-16   3.94784176e+01  -1.79926739e-17   3.68711987e+01 
29           1.00000000e-02   2.80000000e-01   1.65085066e-04   1.96565854e-16   3.94784176e+01  -1.93089631e-17   3.68711987e+01 
30           1.00000000e-02   2.90000000e-01   1.65749604e-04   2.04263689e-16   3.94784176e+01  -5.42778713e-18   3.68711987e+01 
31           1.00000000e-02   3.00000000e-01   1.66415316e-04   2.14021509e-16   3.94784176e+01  -6.06644997e-18   3.68711987e+01 
32           1.00000000e-02   3.10000000e-01   1.67097071e-04   2.15322551e-16   3.94784176e+01  -8.81930705e-18   3.68711987e+01 
33           1.00000000e-02   3.20000000e-01   1.67814359e-04   2.18249897e-16   3.94784176e+01  -1.19922925e-17   3.68711987e+01 
34           1.00000000e-02   3.30000000e-01   1.68523936e-04   2.22044605e-16   3.94784176e+01  -9.93569647e-18   3.68711987e+01 
35           1.00000000e-02   3.40000000e-01   1.69281921e-04   2.31368744e-16   3.94784176e+01   1.71541112e-17   3.68711987e+01 
36           1.00000000e-02   3.50000000e-01   1.70041815e-04   2.35705552e-16   3.94784176e+01  -2.06371107e-17   3.68711987e+01 
37           1.00000000e-02   3.60000000e-01   1.70817712e-04   2.39825521e-16   3.94784176e+01  -2.01390554e-17   3.68711987e+01 
38           1.00000000e-02   3.70000000e-01   1.71627393e-04   2.46872835e-16   3.94784176e+01  -7.73510487e-18   3.68711987e+01 
39           1.00000000e-02   3.80000000e-01   1.72426848e-04   2.54679090e-16   3.94784176e+01  -1.18652375e-17   3.68711987e+01 
40           1.00000000e-02   3.90000000e-01   1.73280345e-04   2.59232739e-16   3.94784176e+01  -2.06404989e-17   3.68711987e+01 
41           1.00000000e-02   4.00000000e-01   1.74128154e-04   2.66930575e-16   3.94784176e+01  -1.90074193e-18   3.68711987e+01 
42           1.00000000e-02   4.10000000e-01   1.75000336e-04   2.75062091e-16   3.94784176e+01  -2.28122913e-17   3.68711987e+01 
43           1.00000000e-02   4.20000000e-01   1.75895900e-04   2.80157841e-16   3.94784176e+01  -2.38456715e-17   3.68711987e+01 
44           1.00000000e-02   4.30000000e-01   1.76787018e-04   2.86012533e-16   3.94784176e+01  -5.44133965e-18   3.68711987e+01 
45           1.00000000e-02   4.40000000e-01   1.77729722e-04   2.89698820e-16   3.94784176e+01   9.48676901e-20   3.68711987e+01 
46           1.00000000e-02   4.50000000e-01   1.78658386e-04   2.94794571e-16   3.94784176e+01   1.67034897e-17   3.68711987e+01 
47           1.00000000e-02   4.60000000e-01   1.79629247e-04   3.00215582e-16   3.94784176e+01   1.83297930e-18   3.68711987e+01 
48           1.00000000e-02   4.70000000e-01   1.80603406e-04   3.08889199e-16   3.94784176e+01  -3.83638162e-17   3.68711987e+01 
49           1.00000000e-02   4.80000000e-01   1.81594090e-04   3.15285992e-16   3.94784176e+01  -4.37306170e-17   3.68711987e+01 
50           1.00000000e-02   4.90000000e-01   1.82613072e-04   3.21791205e-16   3.94784176e+01  -2.63257840e-18   3.68711987e+01 
51           1.00000000e-02   5.00000000e-01   1.83623863e-04   3.26778535e-16   3.94784176e+01  -1.60665209e-17   3.68711987e+01 
52           1.00000000e-02   5.10000000e-01   1.84686979e-04   3.34584790e-16   3.94784176e+01  -3.70729380e-17   3.68711987e+01 
53           1.00000000e-02   5.20000000e-01   1.85731695e-04   3.42607887e-16   3.94784176e+01  -2.09454307e-17   3.68711987e+01 
54           1.00000000e-02   5.30000000e-01   1.86824718e-04   3.45209972e-16   3.94784176e+01  -4.40457133e-20   3.68711987e+01 
55           1.00000000e-02   5.40000000e-01   1.87911727e-04   3.51932025e-16   3.94784176e+01  -1.45554142e-17   3.68711987e+01 
56           1.00000000e-02   5.50000000e-01   1.89025874e-04   3.57786717e-16   3.94784176e+01  -2.67696293e-17   3.68711987e+01 
57           1.00000000e-02   5.60000000e-01   1.90154435e-04   3.60605643e-16   3.94784176e+01  -2.84264257e-18   3.68711987e+01 
58           1.00000000e-02   5.70000000e-01   1.91290030e-04   3.65376132e-16   3.94784176e+01   1.24683250e-18   3.68711987e+01 
59           1.00000000e-02   5.80000000e-01   1.92459392e-04   3.71230824e-16   3.94784176e+01  -4.74202925e-17   3.68711987e+01 
60           1.00000000e-02   5.90000000e-01   1.93616764e-04   3.81639165e-16   3.94784176e+01   3.40846058e-18   3.68711987e+01 
61           1.00000000e-02   6.00000000e-01   1.94826165e-04   3.84241250e-16   3.94784176e+01  -4.08371525e-17   3.68711987e+01 
62           1.00000000e-02   6.10000000e-01   1.96010986e-04   3.90963303e-16   3.94784176e+01  -1.01643954e-18   3.68711987e+01 
63           1.00000000e-02   6.20000000e-01   1.97254321e-04   3.93240128e-16   3.94784176e+01  -4.00002839e-17   3.68711987e+01 
64           1.00000000e-02   6.30000000e-01   1.98477109e-04   4.00287442e-16   3.94784176e+01  -2.37575801e-17   3.68711987e+01 
65           1.00000000e-02   6.40000000e-01   1.99743428e-04   4.03973729e-16   3.94784176e+01  -8.58891409e-18   3.68711987e+01 
66           1.00000000e-02   6.50000000e-01   2.01003371e-04   4.12213666e-16   3.94784176e+01  -1.67001016e-17   3.68711987e+01 
67           1.00000000e-02   6.60000000e-01   2.02293051e-04   4.17526257e-16   3.94784176e+01  -4.29987805e-17   3.68711987e+01 
68           1.00000000e-02   6.70000000e-01   2.03589329e-04   4.25440932e-16   3.94784176e+01  -3.31359289e-18   3.68711987e+01 
69           1.00000000e-02   6.80000000e-01   2.04902758e-04   4.34331390e-16   3.94784176e+01  -1.30646362e-17   3.68711987e+01 
70           1.00000000e-02   6.90000000e-01   2.06234543e-04   4.37041896e-16   3.94784176e+01  -1.81332813e-17   3.68711987e+01 
71           1.00000000e-02   7.00000000e-01   2.07572119e-04   4.42571327e-16   3.94784176e+01  -1.13807347e-17   3.68711987e+01 
72           1.00000000e-02   7.10000000e-01   2.08938571e-04   4.54822811e-16   3.94784176e+01  -2.57464135e-17   3.68711987e+01 
73           1.00000000e-02   7.20000000e-01   2.10300704e-04   4.55798593e-16   3.94784176e+01  -1.71439469e-17   3.68711987e+01 
74           1.00000000e-02   7.30000000e-01   2.11700977e-04   4.61002764e-16   3.94784176e+01  -3.17400186e-17   3.68711987e+01 
75           1.00000000e-02   7.40000000e-01   2.13088087e-04   4.65014312e-16   3.94784176e+01  -3.59684071e-17   3.68711987e+01 
76           1.00000000e-02   7.50000000e-01   2.14521325e-04   4.74230030e-16   3.94784176e+01  -1.20922424e-17   3.68711987e+01 
77           1.00000000e-02   7.60000000e-01   2.15933845e-04   4.81385765e-16   3.94784176e+01  -4.36730188e-17   3.68711987e+01 
78           1.00000000e-02   7.70000000e-01   2.17486973e-04   4.89842542e-16   3.94784176e+01  -3.48367711e-17   3.68711987e+01 
79           1.00000000e-02   7.80000000e-01   2.19085425e-04   4.92444627e-16   3.94784176e+01  -5.64123943e-18   3.68711987e+01 
80           1.00000000e-02   7.90000000e-01   2.20705488e-04   4.98624579e-16   3.94784176e+01   1.03033088e-17   3.68711987e+01 
81           1.00000000e-02   8.00000000e-01   2.22338333e-04   5.02961388e-16   3.94784176e+01  -5.80386975e-18   3.68711987e+01 
82           1.00000000e-02   8.10000000e-01   2.23984351e-04   5.10225542e-16   3.94784176e+01  -2.65832820e-17   3.68711987e+01 
83           1.00000000e-02   8.20000000e-01   2.25652287e-04   5.13803410e-16   3.94784176e+01  -5.01443505e-18   3.68711987e+01 
84           1.00000000e-02   8.30000000e-01   2.27323012e-04   5.21392825e-16   3.94784176e+01  -6.74238226e-18   3.68711987e+01 
85           1.00000000e-02   8.40000000e-01   2.29026753e-04   5.29524341e-16   3.94784176e+01   8.26704157e-19   3.68711987e+01 
86           1.00000000e-02   8.50000000e-01   2.30720911e-04   5.29958022e-16   3.94784176e+01  -1.18584613e-17   3.68711987e+01 
87           1.00000000e-02   8.60000000e-01   2.32461184e-04   5.42534767e-16   3.94784176e+01  -2.90091844e-17   3.68711987e+01 
88           1.00000000e-02   8.70000000e-01   2.34177472e-04   5.50124182e-16   3.94784176e+01  -3.10827210e-17   3.68711987e+01 
89           1.00000000e-02   8.80000000e-01   2.35955020e-04   5.54460991e-16   3.94784176e+01  -4.63293141e-17   3.68711987e+01 
90           1.00000000e-02   8.90000000e-01   2.37692682e-04   5.53810470e-16   3.94784176e+01  -3.35425047e-17   3.68711987e+01 
91           1.00000000e-02   9.00000000e-01   2.39507686e-04   5.65519853e-16   3.94784176e+01  -5.66495635e-18   3.68711987e+01 
92           1.00000000e-02   9.10000000e-01   2.41283173e-04   5.76145034e-16   3.94784176e+01  -3.02898982e-17   3.68711987e+01 
93           1.00000000e-02   9.20000000e-01   2.43118597e-04   5.83083928e-16   3.94784176e+01  -4.43303163e-17   3.68711987e+01 
94           1.00000000e-02   9.30000000e-01   2.44932673e-04   5.82433407e-16   3.94784176e+01  -2.86568187e-17   3.68711987e+01 
95           1.00000000e-02   9.40000000e-01   2.46787153e-04   5.97829078e-16   3.94784176e+01  -1.48603460e-17   3.68711987e+01 
96           1.00000000e-02   9.50000000e-01   2.48640597e-04   6.08237419e-16   3.94784176e+01  -2.79791923e-17   3.68711987e+01 
97           1.00000000e-02   9.60000000e-01   2.50512741e-04   6.07803738e-16   3.94784176e+01  -3.05067386e-17   3.68711987e+01 
98           1.00000000e-02   9.70000000e-01   2.52406350e-04   6.14308951e-16   3.94784176e+01  -7.88079454e-18   3.68711987e+01 
99           1.00000000e-02   9.80000000e-01   2.54294735e-04   6.13224749e-16   3.94784176e+01  -1.38574590e-17   3.68711987e+01 
100          1.00000000e-02   9.90000000e-01   2.56229325e-04   6.29270941e-16   3.94784176e+01  -2.56346051e-17   3.68711987e+01 
101          1.00000000e-02   1.00000000e+00   2.58132494e-04   6.37077197e-16   3.94784176e+01  -3.01408204e-17   3.68711987e+01 
102          1.00000000e-02   1.01000000e+00   2.60108900e-04   6.40329803e-16   3.94784176e+01   1.56531689e-18   3.68711987e+01 
103          1.00000000e-02   1.02000000e+00   2.62043004e-04   6.42064527e-16   3.94784176e+01   1.13502415e-17   3.68711987e+01 
104          1.00000000e-02   1.03000000e+00   2.64044441e-04   6.47051857e-16   3.94784176e+01  -1.16755021e-17   3.68711987e+01 
105          1.00000000e-02   1.04000000e+00   2.66020902e-04   6.55074953e-16   3.94784176e+01  -4.40389370e-17   3.68711987e+01 
106          1.00000000e-02   1.05000000e+00   2.68035299e-04   6.62230687e-16   3.94784176e+01  -3.33798744e-17   3.68711987e+01 
107          1.00000000e-02   1.06000000e+00   2.70054978e-04   6.64182251e-16   3.94784176e+01  -8.19927893e-18   3.68711987e+01 
108          1.00000000e-02   1.07000000e+00   2.72080813e-04   6.60062283e-16   3.94784176e+01  -2.35475159e-17   3.68711987e+01 
109          1.00000000e-02   1.08000000e+00   2.74144592e-04   6.71554826e-16   3.94784176e+01  -2.54584223e-17   3.68711987e+01 
110          1.00000000e-02   1.09000000e+00   2.76180303e-04   6.74590592e-16   3.94784176e+01  -1.37625913e-17   3.68711987e+01 
111          1.00000000e-02   1.10000000e+00   2.78289088e-04   6.74590592e-16   3.94784176e+01  -3.68764264e-17   3.68711987e+01 
112          1.00000000e-02   1.11000000e+00   2.80353115e-04   6.80445283e-16   3.94784176e+01  -6.32903018e-18   3.68711987e+01 
113          1.00000000e-02   1.12000000e+00   2.82487797e-04   6.83697890e-16   3.94784176e+01  -4.05627138e-17   3.68711987e+01 
114          1.00000000e-02   1.13000000e+00   2.84597348e-04   6.83264209e-16   3.94784176e+01  -1.13908991e-17   3.68711987e+01 
115          1.00000000e-02   1.14000000e+00   2.86740034e-04   6.88034699e-16   3.94784176e+01   2.94767466e-18   3.68711987e+01 
116          1.00000000e-02   1.15000000e+00   2.88896044e-04   6.96057795e-16   3.94784176e+01  -9.02598309e-18   3.68711987e+01 
117          1.00000000e-02   1.16000000e+00   2.91045098e-04   6.99093561e-16   3.94784176e+01  -1.80994000e-17   3.68711987e+01 
118          1.00000000e-02   1.17000000e+00   2.93248530e-04   6.96708316e-16   3.94784176e+01  -9.89334482e-18   3.68711987e+01 
119          1.00000000e-02   1.18000000e+00   2.95404706e-04   7.03864050e-16   3.94784176e+01  -3.11775887e-17   3.68711987e+01 
120          1.00000000e-02   1.19000000e+00   2.97654113e-04   7.09068221e-16   3.94784176e+01  -1.68322387e-17   3.68711987e+01 
121          1.00000000e-02   1.20000000e+00   2.99858196e-04   7.09068221e-16   3.94784176e+01  -2.06540514e-17   3.68711987e+01 
122          1.00000000e-02   1.21000000e+00   3.02112085e-04   7.15573434e-16   3.94784176e+01  -2.98900986e-17   3.68711987e+01 
123          1.00000000e-02   1.22000000e+00   3.04365073e-04   7.19693402e-16   3.94784176e+01  -9.12762704e-18   3.68711987e+01 
124          1.00000000e-02   1.23000000e+00   3.06621719e-04   7.23813370e-16   3.94784176e+01  -2.70372917e-17   3.68711987e+01 
125          1.00000000e-02   1.24000000e+00   3.08924640e-04   7.23379689e-16   3.94784176e+01  -2.73693286e-17   3.68711987e+01 
126          1.00000000e-02   1.25000000e+00   3.11182266e-04   7.31619626e-16   3.94784176e+01  -1.56057350e-17   3.68711987e+01 
127          1.00000000e-02   1.26000000e+00   3.13536180e-04   7.38124839e-16   3.94784176e+01  -2.68611088e-17   3.68711987e+01 
128          1.00000000e-02   1.27000000e+00   3.15839322e-04   7.37907999e-16   3.94784176e+01  -9.61551802e-18   3.68711987e+01 
129          1.00000000e-02   1.28000000e+00   3.18198958e-04   7.41811126e-16   3.94784176e+01  -2.02406993e-17   3.68711987e+01 
130          1.00000000e-02   1.29000000e+00   3.20553553e-04   7.46581616e-16   3.94784176e+01  -2.87245813e-17   3.68711987e+01 
131          1.00000000e-02   1.30000000e+00   3.22912214e-04   7.47882659e-16   3.94784176e+01  -2.07692479e-17   3.68711987e+01 
132          1.00000000e-02   1.31000000e+00   3.25319368e-04   7.58290999e-16   3.94784176e+01  -3.77641169e-17   3.68711987e+01 
133          1.00000000e-02   1.32000000e+00   3.27675167e-04   7.61977287e-16   3.94784176e+01  -3.32511254e-17   3.68711987e+01 
134          1.00000000e-02   1.33000000e+00   3.30136022e-04   7.65094368e-16   3.94784176e+01  -9.81202966e-18   3.68711987e+01 
135          1.00000000e-02   1.34000000e+00   3.32542618e-04   7.80273198e-16   3.94784176e+01  -4.58075418e-18   3.68711987e+01 
136          1.00000000e-02   1.35000000e+00   3.35002745e-04   7.85531579e-16   3.94784176e+01  -4.53332033e-18   3.68711987e+01 
137          1.00000000e-02   1.36000000e+00   3.37463468e-04   7.88567345e-16   3.94784176e+01  -1.52940269e-17   3.68711987e+01 
138          1.00000000e-02   1.37000000e+00   3.39918741e-04   7.93581780e-16   3.94784176e+01   6.45100293e-18   3.68711987e+01 
139          1.00000000e-02   1.38000000e+00   3.42434787e-04   8.04112094e-16   3.94784176e+01   2.32425841e-18   3.68711987e+01 
140          1.00000000e-02   1.39000000e+00   3.44893418e-04   8.17000547e-16   3.94784176e+01  -1.24547725e-17   3.68711987e+01 
141          1.00000000e-02   1.40000000e+00   3.47455793e-04   8.27957765e-16   3.94784176e+01  -2.04304347e-17   3.68711987e+01 
142          1.00000000e-02   1.41000000e+00   3.49970123e-04   8.33033187e-16   3.94784176e+01  -1.21837219e-17   3.68711987e+01 
143          1.00000000e-02   1.42000000e+00   3.52525672e-04   8.35987214e-16   3.94784176e+01  -5.94278316e-18   3.68711987e+01 
144          1.00000000e-02   1.43000000e+00   3.55096959e-04   8.52545438e-16   3.94784176e+01   1.56531689e-18   3.68711987e+01 
145          1.00000000e-02   1.44000000e+00   3.57643581e-04   8.64691890e-16   3.94784176e+01  -4.87890978e-18   3.68711987e+01 
146          1.00000000e-02   1.45000000e+00   3.60273128e-04   8.70018033e-16   3.94784176e+01   8.06375366e-18   3.68711987e+01 
147          1.00000000e-02   1.46000000e+00   3.62840793e-04   8.80683872e-16   3.94784176e+01  -3.30817188e-17   3.68711987e+01 
148          1.00000000e-02   1.47000000e+00   3.65497798e-04   8.81483471e-16   3.94784176e+01  -3.47690084e-17   3.68711987e+01 
149          1.00000000e-02   1.48000000e+00   3.68124066e-04   8.89506567e-16   3.94784176e+01  -1.55108673e-17   3.68711987e+01 
150          1.00000000e-02   1.49000000e+00   3.70770102e-04   8.98776496e-16   3.94784176e+01  -2.94157602e-17   3.68711987e+01 
151          1.00000000e-02   1.50000000e+00   3.73456348e-04   9.13087965e-16   3.94784176e+01  -1.37829201e-17   3.68711987e+01 
152          1.00000000e-02   1.51000000e+00   3.76089134e-04   9.20325014e-16   3.94784176e+01  -1.97663609e-17   3.68711987e+01 
153          1.00000000e-02   1.52000000e+00   3.78836787e-04   9.31546507e-16   3.94784176e+01  -1.49823188e-17   3.68711987e+01 
154          1.00000000e-02   1.53000000e+00   3.81517451e-04   9.44882193e-16   3.94784176e+01  -4.51299154e-18   3.68711987e+01 
155          1.00000000e-02   1.54000000e+00   3.84264487e-04   9.57079468e-16   3.94784176e+01  -1.83975556e-17   3.68711987e+01 
156          1.00000000e-02   1.55000000e+00   3.87006875e-04   9.72420929e-16   3.94784176e+01  -1.02050529e-17   3.68711987e+01 
157          1.00000000e-02   1.56000000e+00   3.89738510e-04   9.79359822e-16   3.94784176e+01  -2.00780690e-17   3.68711987e+01 
158          1.00000000e-02   1.57000000e+00   3.92544136e-04   9.88738171e-16   3.94784176e+01  -1.16483971e-17   3.68711987e+01 
159          1.00000000e-02   1.58000000e+00   3.95278266e-04   1.00321227e-15   3.94784176e+01   2.11961525e-17   3.68711987e+01 
160          1.00000000e-02   1.59000000e+00   3.98128307e-04   9.98008100e-16   3.94784176e+01  -2.19212127e-17   3.68711987e+01 
161          1.00000000e-02   1.60000000e+00   4.00925942e-04   1.01242799e-15   3.94784176e+01  -2.86500424e-17   3.68711987e+01 
162          1.00000000e-02   1.61000000e+00   4.03758412e-04   1.01969214e-15   3.94784176e+01  -6.27482007e-18   3.68711987e+01 
163          1.00000000e-02   1.62000000e+00   4.06621159e-04   1.02890786e-15   3.94784176e+01  -1.03134732e-17   3.68711987e+01 
164          1.00000000e-02   1.63000000e+00   4.09433416e-04   1.03562992e-15   3.94784176e+01  -2.22735784e-17   3.68711987e+01 
165          1.00000000e-02   1.64000000e+00   4.12541729e-04   1.04636352e-15   3.94784176e+01   3.95056167e-18   3.68711987e+01 
166          1.00000000e-02   1.65000000e+00   4.15646568e-04   1.05894026e-15   3.94784176e+01  -4.02510057e-18   3.68711987e+01 
167          1.00000000e-02   1.66000000e+00   4.18880846e-04   1.06479495e-15   3.94784176e+01  -1.88380127e-17   3.68711987e+01 
168          1.00000000e-02   1.67000000e+00   4.22042921e-04   1.07693802e-15   3.94784176e+01   6.01732206e-18   3.68711987e+01 
169          1.00000000e-02   1.68000000e+00   4.25268738e-04   1.08127483e-15   3.94784176e+01   5.01443505e-19   3.68711987e+01 
170          1.00000000e-02   1.69000000e+00   4.28510682e-04   1.09916416e-15   3.94784176e+01  -3.84688483e-17   3.68711987e+01 
171          1.00000000e-02   1.70000000e+00   4.31703960e-04   1.09948942e-15   3.94784176e+01  -5.00765878e-18   3.68711987e+01 
172          1.00000000e-02   1.71000000e+00   4.35027478e-04   1.11607772e-15   3.94784176e+01  -2.46181656e-17   3.68711987e+01 
173          1.00000000e-02   1.72000000e+00   4.38273119e-04   1.12214925e-15   3.94784176e+01   7.86724201e-18   3.68711987e+01 
174          1.00000000e-02   1.73000000e+00   4.41591866e-04   1.13190707e-15   3.94784176e+01  -1.58700093e-17   3.68711987e+01 
175          1.00000000e-02   1.74000000e+00   4.44919210e-04   1.13993016e-15   3.94784176e+01  -1.82484778e-17   3.68711987e+01 
176          1.00000000e-02   1.75000000e+00   4.48202340e-04   1.14383329e-15   3.94784176e+01  -2.54516460e-17   3.68711987e+01 
177          1.00000000e-02   1.76000000e+00   4.51613168e-04   1.15033851e-15   3.94784176e+01  -8.97854924e-18   3.68711987e+01 
178          1.00000000e-02   1.77000000e+00   4.54939829e-04   1.16378261e-15   3.94784176e+01  -2.19754228e-17   3.68711987e+01 
179          1.00000000e-02   1.78000000e+00   4.58353489e-04   1.16703522e-15   3.94784176e+01   5.51587855e-18   3.68711987e+01 
180          1.00000000e-02   1.79000000e+00   4.61763629e-04   1.18416561e-15   3.94784176e+01   1.66763847e-17   3.68711987e+01 
181          1.00000000e-02   1.80000000e+00   4.65138605e-04   1.19739288e-15   3.94784176e+01  -2.14807555e-18   3.68711987e+01 
182          1.00000000e-02   1.81000000e+00   4.68634089e-04   1.20064549e-15   3.94784176e+01  -2.90904995e-17   3.68711987e+01 
183          1.00000000e-02   1.82000000e+00   4.72038457e-04   1.21083699e-15   3.94784176e+01  -4.12132351e-17   3.68711987e+01 
184          1.00000000e-02   1.83000000e+00   4.75549641e-04   1.22341373e-15   3.94784176e+01  -7.57586268e-18   3.68711987e+01 
185          1.00000000e-02   1.84000000e+00   4.79039207e-04   1.23729152e-15   3.94784176e+01  -7.98243849e-18   3.68711987e+01 
186          1.00000000e-02   1.85000000e+00   4.82508644e-04   1.24444725e-15   3.94784176e+01  -1.79706510e-17   3.68711987e+01 
187          1.00000000e-02   1.86000000e+00   4.86085371e-04   1.25008510e-15   3.94784176e+01  -1.70829605e-17   3.68711987e+01 
188          1.00000000e-02   1.87000000e+00   4.89563316e-04   1.26136081e-15   3.94784176e+01   8.40256684e-18   3.68711987e+01 
189          1.00000000e-02   1.88000000e+00   4.93175312e-04   1.26548078e-15   3.94784176e+01   1.95834017e-18   3.68711987e+01 
190          1.00000000e-02   1.89000000e+00   4.96740124e-04   1.28087645e-15   3.94784176e+01  -1.02728156e-17   3.68711987e+01 
191          1.00000000e-02   1.90000000e+00   5.00307309e-04   1.28738166e-15   3.94784176e+01  -9.16828462e-18   3.68711987e+01 
192          1.00000000e-02   1.91000000e+00   5.03961062e-04   1.29779000e-15   3.94784176e+01  -1.53821183e-18   3.68711987e+01 
193          1.00000000e-02   1.92000000e+00   5.07507601e-04   1.31600460e-15   3.94784176e+01  -2.25175239e-17   3.68711987e+01 
194          1.00000000e-02   1.93000000e+00   5.11224414e-04   1.32012457e-15   3.94784176e+01  -1.74488787e-17   3.68711987e+01 
195          1.00000000e-02   1.94000000e+00   5.14859448e-04   1.32966554e-15   3.94784176e+01  -2.64003229e-17   3.68711987e+01 
196          1.00000000e-02   1.95000000e+00   5.18528371e-04   1.33964020e-15   3.94784176e+01   1.96511644e-18   3.68711987e+01 
197          1.00000000e-02   1.96000000e+00   5.22254100e-04   1.34918118e-15   3.94784176e+01  -5.98005261e-17   3.68711987e+01 
198          1.00000000e-02   1.97000000e+00   5.25871025e-04   1.36782946e-15   3.94784176e+01  -3.57922242e-17   3.68711987e+01 
199          1.00000000e-02   1.98000000e+00   5.29689753e-04   1.37910516e-15   3.94784176e+01  -1.50026476e-17   3.68711987e+01 
200          1.00000000e-02   1.99000000e+00   5.33389113e-04   1.38430933e-15   3.94784176e+01  -4.35713748e-18   3.68711987e+01 
201          1.00000000e-02   2.00000000e+00   5.37164496e-04   1.38691142e-15   3.94784176e+01  -3.06151588e-17   3.68711987e+01 
202          1.00000000e-02   2.01000000e+00   5.40956293e-04   1.39428399e-15   3.94784176e+01  -6.60685699e-18   3.68711987e+01 
203          1.00000000e-02   2.02000000e+00   5.44676307e-04   1.40295761e-15   3.94784176e+01   8.68039364e-18   3.68711987e+01 
204          1.00000000e-02   2.03000000e+00   5.48562999e-04   1.41336595e-15   3.94784176e+01  -2.10877323e-17   3.68711987e+01 
205          1.00000000e-02   2.04000000e+00   5.52319896e-04   1.42247325e-15   3.94784176e+01   1.19126714e-17   3.68711987e+01 
206          1.00000000e-02   2.05000000e+00   5.56207207e-04   1.43678472e-15   3.94784176e+01   6.71866534e-18   3.68711987e+01 
207          1.00000000e-02   2.06000000e+00   5.60058289e-04   1.43895312e-15   3.94784176e+01  -5.84791547e-18   3.68711987e+01 
208          1.00000000e-02   2.07000000e+00   5.63886764e-04   1.45630036e-15   3.94784176e+01  -3.08387755e-17   3.68711987e+01 
209          1.00000000e-02   2.08000000e+00   5.67834662e-04   1.45846876e-15   3.94784176e+01  -1.64798730e-17   3.68711987e+01 
210          1.00000000e-02   2.09000000e+00   5.71641405e-04   1.46887710e-15   3.94784176e+01  -3.59141970e-19   3.68711987e+01 
211          1.00000000e-02   2.10000000e+00   5.75646857e-04   1.47147919e-15   3.94784176e+01  -4.79420648e-18   3.68711987e+01 
212          1.00000000e-02   2.11000000e+00   5.79549561e-04   1.49056115e-15   3.94784176e+01  -1.77063767e-17   3.68711987e+01 
213          1.00000000e-02   2.12000000e+00   5.83492571e-04   1.51332939e-15   3.94784176e+01  -3.84146382e-17   3.68711987e+01 
214          1.00000000e-02   2.13000000e+00   5.87494062e-04   1.53631448e-15   3.94784176e+01  -3.13165021e-17   3.68711987e+01 
215          1.00000000e-02   2.14000000e+00   5.91369347e-04   1.55951640e-15   3.94784176e+01   9.22249473e-18   3.68711987e+01 
216          1.00000000e-02   2.15000000e+00   5.95472594e-04   1.58228465e-15   3.94784176e+01   1.74251618e-17   3.68711987e+01 
217          1.00000000e-02   2.16000000e+00   5.99418381e-04   1.60548658e-15   3.94784176e+01  -4.98394186e-18   3.68711987e+01 
218          1.00000000e-02   2.17000000e+00   6.03482679e-04   1.62868850e-15   3.94784176e+01  -3.26514261e-17   3.68711987e+01 
219          1.00000000e-02   2.18000000e+00   6.07529300e-04   1.65189043e-15   3.94784176e+01  -4.75693703e-18   3.68711987e+01 
220          1.00000000e-02   2.19000000e+00   6.11796386e-04   1.67552604e-15   3.94784176e+01  -2.01932655e-18   3.68711987e+01 
221          1.00000000e-02   2.20000000e+00   6.16414057e-04   1.69872796e-15   3.94784176e+01   1.31290107e-17   3.68711987e+01 
222          1.00000000e-02   2.21000000e+00   6.20916648e-04   1.72214673e-15   3.94784176e+01   3.34069794e-18   3.68711987e+01 
223          1.00000000e-02   2.22000000e+00   6.25460565e-04   1.74599918e-15   3.94784176e+01   2.50145770e-17   3.68711987e+01 
224          1.00000000e-02   2.23000000e+00   6.30072722e-04   1.76963479e-15   3.94784176e+01   1.36270661e-17   3.68711987e+01 
225          1.00000000e-02   2.24000000e+00   6.34537656e-04   1.79327039e-15   3.94784176e+01  -9.52065033e-19   3.68711987e+01 
226          1.00000000e-02   2.25000000e+00   6.39261815e-04   1.81712284e-15   3.94784176e+01   1.54431047e-17   3.68711987e+01 
227          1.00000000e-02   2.26000000e+00   6.43807321e-04   1.84140897e-15   3.94784176e+01   3.60497222e-17   3.68711987e+01 
228          1.00000000e-02   2.27000000e+00   6.48481001e-04   1.86569510e-15   3.94784176e+01   2.57599660e-17   3.68711987e+01 
229          1.00000000e-02   2.28000000e+00   6.53135693e-04   1.88954755e-15   3.94784176e+01  -9.38512506e-18   3.68711987e+01 
230          1.00000000e-02   2.29000000e+00   6.57727212e-04   1.91361683e-15   3.94784176e+01  -1.05032085e-17   3.68711987e+01 
231          1.00000000e-02   2.30000000e+00   6.62493670e-04   1.93811980e-15   3.94784176e+01   5.54637174e-18   3.68711987e+01 
232          1.00000000e-02   2.31000000e+00   6.67063838e-04   1.96240593e-15   3.94784176e+01   8.43644815e-19   3.68711987e+01 
233          1.00000000e-02   2.32000000e+00   6.71878186e-04   1.98647522e-15   3.94784176e+01   5.73441305e-18   3.68711987e+01 
234          1.00000000e-02   2.33000000e+00   6.76556921e-04   2.01097819e-15   3.94784176e+01  -6.26245339e-17   3.68711987e+01 
235          1.00000000e-02   2.34000000e+00   6.81286015e-04   2.03526432e-15   3.94784176e+01  -2.71050543e-20   3.68711987e+01 
236          1.00000000e-02   2.35000000e+00   6.86076068e-04   2.05998413e-15   3.94784176e+01  -8.31938820e-17   3.68711987e+01 
237          1.00000000e-02   2.36000000e+00   6.90713756e-04   2.08448710e-15   3.94784176e+01   3.38050849e-17   3.68711987e+01 
238          1.00000000e-02   2.37000000e+00   6.95618051e-04   2.10855639e-15   3.94784176e+01  -5.46285429e-17   3.68711987e+01 
239          1.00000000e-02   2.38000000e+00   7.00300445e-04   2.13349304e-15   3.94784176e+01   1.70389148e-17   3.68711987e+01 
240          1.00000000e-02   2.39000000e+00   7.05179462e-04   2.15756232e-15   3.94784176e+01  -1.88346246e-17   3.68711987e+01 
241          1.00000000e-02   2.40000000e+00   7.09972555e-04   2.18271581e-15   3.94784176e+01  -2.22244505e-17   3.68711987e+01 
242          1.00000000e-02   2.41000000e+00   7.14756693e-04   2.20656826e-15   3.94784176e+01  -1.36465478e-17   3.68711987e+01 
243          1.00000000e-02   2.42000000e+00   7.19663629e-04   2.23128807e-15   3.94784176e+01  -2.17568883e-17   3.68711987e+01 
244          1.00000000e-02   2.43000000e+00   7.24345928e-04   2.25622472e-15   3.94784176e+01   5.71577833e-18   3.68711987e+01 
245          1.00000000e-02   2.44000000e+00   7.29370044e-04   2.28094453e-15   3.94784176e+01  -2.45758139e-17   3.68711987e+01 
246          1.00000000e-02   2.45000000e+00   7.34143854e-04   2.30523066e-15   3.94784176e+01  -6.74276342e-17   3.68711987e+01 
247          1.00000000e-02   2.46000000e+00   7.39087953e-04   2.32995047e-15   3.94784176e+01   7.68047125e-18   3.68711987e+01 
248          1.00000000e-02   2.47000000e+00   7.43975117e-04   2.35488712e-15   3.94784176e+01   2.15353892e-17   3.68711987e+01 
249          1.00000000e-02   2.48000000e+00   7.48813271e-04   2.37939009e-15   3.94784176e+01  -3.74066690e-17   3.68711987e+01 
250          1.00000000e-02   2.49000000e+00   7.53817394e-04   2.40389306e-15   3.94784176e+01  -1.14785207e-17   3.68711987e+01 
251          1.00000000e-02   2.50000000e+00   7.58547955e-04   2.42882971e-15   3.94784176e+01   7.13159390e-18   3.68711987e+01 
252          1.00000000e-02   2.51000000e+00   7.63666556e-04   2.45354952e-15   3.94784176e+01  -6.55230807e-17   3.68711987e+01 
253          1.00000000e-02   2.52000000e+00   7.68509952e-04   2.47805249e-15   3.94784176e+01  -2.19135894e-17   3.68711987e+01 
254          1.00000000e-02   2.53000000e+00   7.73518201e-04   2.50255545e-15   3.94784176e+01  -6.54417655e-18   3.68711987e+01 
255          1.00000000e-02   2.54000000e+00   7.78478338e-04   2.52749210e-15   3.94784176e+01  -3.91346162e-17   3.68711987e+01 
256          1.00000000e-02   2.55000000e+00   7.83909952e-04   2.55242875e-15   3.94784176e+01   1.44757931e-17   3.68711987e+01 
257          1.00000000e-02   2.56000000e+00   7.89656541e-04   2.57693172e-15   3.94784176e+01   2.34526482e-17   3.68711987e+01 
258          1.00000000e-02   2.57000000e+00   7.95099724e-04   2.60100101e-15   3.94784176e+01  -4.53399796e-17   3.68711987e+01 
259          1.00000000e-02   2.58000000e+00   8.00881108e-04   2.62507030e-15   3.94784176e+01   1.17398766e-17   3.68711987e+01 
260          1.00000000e-02   2.59000000e+00   8.06431095e-04   2.64979011e-15   3.94784176e+01  -4.90872534e-17   3.68711987e+01 
261          1.00000000e-02   2.60000000e+00   8.12101739e-04   2.67429308e-15   3.94784176e+01   3.20229276e-17   3.68711987e+01 
262          1.00000000e-02   2.61000000e+00   8.17760633e-04   2.69901289e-15   3.94784176e+01   3.46978577e-17   3.68711987e+01 
263          1.00000000e-02   2.62000000e+00   8.23313438e-04   2.72329902e-15   3.94784176e+01  -4.98563593e-18   3.68711987e+01 
264          1.00000000e-02   2.63000000e+00   8.29083556e-04   2.74736831e-15   3.94784176e+01  -3.24159509e-17   3.68711987e+01 
265          1.00000000e-02   2.64000000e+00   8.34510991e-04   2.77187127e-15   3.94784176e+01  -2.77521875e-17   3.68711987e+01 
266          1.00000000e-02   2.65000000e+00   8.40394872e-04   2.79637424e-15   3.94784176e+01  -5.81572822e-17   3.68711987e+01 
267          1.00000000e-02   2.66000000e+00   8.45921841e-04   2.82087721e-15   3.94784176e+01   3.96106487e-17   3.68711987e+01 
268          1.00000000e-02   2.67000000e+00   8.51689362e-04   2.84798227e-15   3.94784176e+01  -5.44743829e-17   3.68711987e+01 
269          1.00000000e-02   2.68000000e+00   8.57321245e-04   2.87747257e-15   3.94784176e+01  -5.65106501e-17   3.68711987e+01 
270          1.00000000e-02   2.69000000e+00   8.62961554e-04   2.90674602e-15   3.94784176e+01  -7.01343280e-19   3.68711987e+01 
271          1.00000000e-02   2.70000000e+00   8.68701131e-04   2.93645316e-15   3.94784176e+01   2.65256838e-17   3.68711987e+01 
272          1.00000000e-02   2.71000000e+00   8.74205707e-04   2.96616030e-15   3.94784176e+01  -7.75204553e-18   3.68711987e+01 
273          1.00000000e-02   2.72000000e+00   8.80056010e-04   2.99673480e-15   3.94784176e+01   3.50807165e-17   3.68711987e+01 
274          1.00000000e-02   2.73000000e+00   8.85502713e-04   3.02665878e-15   3.94784176e+01  -7.11372150e-17   3.68711987e+01 
275          1.00000000e-02   2.74000000e+00   8.91380101e-04   3.05571540e-15   3.94784176e+01  -5.41152409e-17   3.68711987e+01 
276          1.00000000e-02   2.75000000e+00   8.96928225e-04   3.08520570e-15   3.94784176e+01   3.89262461e-17   3.68711987e+01 
277          1.00000000e-02   2.76000000e+00   9.02667313e-04   3.11469600e-15   3.94784176e+01   6.67597488e-17   3.68711987e+01 
278          1.00000000e-02   2.77000000e+00   9.08320199e-04   3.14375262e-15   3.94784176e+01  -1.39997606e-17   3.68711987e+01 
279          1.00000000e-02   2.78000000e+00   9.13911220e-04   3.17454396e-15   3.94784176e+01   8.77051795e-17   3.68711987e+01 
280          1.00000000e-02   2.79000000e+00   9.19672479e-04   3.20446794e-15   3.94784176e+01  -1.29494397e-17   3.68711987e+01 
281          1.00000000e-02   2.80000000e+00   9.25393806e-04   3.23482560e-15   3.94784176e+01   1.81265051e-17   3.68711987e+01 
282          1.00000000e-02   2.81000000e+00   9.31990516e-04   3.26388222e-15   3.94784176e+01  -4.64648394e-17   3.68711987e+01 
283          1.00000000e-02   2.82000000e+00   9.38254863e-04   3.29423988e-15   3.94784176e+01   2.40218544e-17   3.68711987e+01 
284          1.00000000e-02   2.83000000e+00   9.44938263e-04   3.32329650e-15   3.94784176e+01  -2.76674842e-17   3.68711987e+01 
285          1.00000000e-02   2.84000000e+00   9.51132441e-04   3.35278680e-15   3.94784176e+01   3.67883350e-17   3.68711987e+01 
286          1.00000000e-02   2.85000000e+00   9.57825060e-04   3.38314446e-15   3.94784176e+01   7.57586268e-18   3.68711987e+01 
287          1.00000000e-02   2.86000000e+00   9.64089252e-04   3.41306844e-15   3.94784176e+01  -3.76082629e-18   3.68711987e+01 
288          1.00000000e-02   2.87000000e+00   9.70643675e-04   3.44255874e-15   3.94784176e+01  -3.10285109e-17   3.68711987e+01 
289          1.00000000e-02   2.88000000e+00   9.76978357e-04   3.47335008e-15   3.94784176e+01   1.13502415e-17   3.68711987e+01 
290          1.00000000e-02   2.89000000e+00   9.83386653e-04   3.50327406e-15   3.94784176e+01   6.38324029e-18   3.68711987e+01 
291          1.00000000e-02   2.90000000e+00   9.89792586e-04   3.53319804e-15   3.94784176e+01  -2.15281894e-17   3.68711987e+01 
292          1.00000000e-02   2.91000000e+00   9.96046286e-04   3.56225466e-15   3.94784176e+01   1.60597447e-17   3.68711987e+01 
293          1.00000000e-02   2.92000000e+00   1.00252452e-03   3.59087760e-15   3.94784176e+01   4.42693300e-17   3.68711987e+01 
294          1.00000000e-02   2.93000000e+00   1.00861459e-03   3.62080158e-15   3.94784176e+01  -9.51048593e-17   3.68711987e+01 
295          1.00000000e-02   2.94000000e+00   1.01516648e-03   3.65072556e-15   3.94784176e+01   2.21516056e-17   3.68711987e+01 
296          1.00000000e-02   2.95000000e+00   1.02112724e-03   3.67978217e-15   3.94784176e+01   2.89956319e-17   3.68711987e+01 
297          1.00000000e-02   2.96000000e+00   1.02771048e-03   3.70927247e-15   3.94784176e+01   4.24871726e-18   3.68711987e+01 
298          1.00000000e-02   2.97000000e+00   1.03372790e-03   3.73702805e-15   3.94784176e+01   1.01725269e-16   3.68711987e+01 
299          1.00000000e-02   2.98000000e+00   1.04014820e-03   3.76608467e-15   3.94784176e+01   8.64718995e-17   3.68711987e+01 
300          1.00000000e-02   2.99000000e+00   1.04622403e-03   3.79470760e-15   3.94784176e+01   6.70782332e-17   3.68711987e+01 
301          1.00000000e-02   3.00000000e+00   1.05290754e-03   3.82289686e-15   3.94784176e+01   3.51010453e-17   3.68711987e+01 
302          1.00000000e-02   3.01000000e+00   1.05980564e-03   3.85065244e-15   3.94784176e+01  -5.28413034e-17   3.68711987e+01 
303          1.00000000e-02   3.02000000e+00   1.06732216e-03   3.87797433e-15   3.94784176e+01   6.73967175e-17   3.68711987e+01 
304          1.00000000e-02   3.03000000e+00   1.07422418e-03   3.90616359e-15   3.94784176e+01  -5.49554976e-17   3.68711987e+01 
305          1.00000000e-02   3.04000000e+00   1.08159112e-03   3.93391916e-15   3.94784176e+01  -3.24989601e-17   3.68711987e+01 
306          1.00000000e-02   3.05000000e+00   1.08849358e-03   3.96080738e-15   3.94784176e+01   6.95380168e-17   3.68711987e+01 
307          1.00000000e-02   3.06000000e+00   1.09570437e-03   3.98812927e-15   3.94784176e+01  -2.00577402e-18   3.68711987e+01 
308          1.00000000e-02   3.07000000e+00   1.10260417e-03   4.01458380e-15   3.94784176e+01  -5.31259065e-18   3.68711987e+01 
309          1.00000000e-02   3.08000000e+00   1.10965175e-03   4.04147202e-15   3.94784176e+01   2.29037709e-18   3.68711987e+01 
310          1.00000000e-02   3.09000000e+00   1.11654615e-03   4.06792655e-15   3.94784176e+01   3.65918233e-17   3.68711987e+01 
311          1.00000000e-02   3.10000000e+00   1.12342291e-03   4.09438108e-15   3.94784176e+01   1.34712120e-17   3.68711987e+01 
312          1.00000000e-02   3.11000000e+00   1.13030957e-03   4.12083562e-15   3.94784176e+01  -8.60585474e-18   3.68711987e+01 
313          1.00000000e-02   3.12000000e+00   1.13700734e-03   4.14815751e-15   3.94784176e+01   1.11984532e-16   3.68711987e+01 
314          1.00000000e-02   3.13000000e+00   1.14388431e-03   4.18003306e-15   3.94784176e+01  -7.38477205e-17   3.68711987e+01 
315          1.00000000e-02   3.14000000e+00   1.15039431e-03   4.21180018e-15   3.94784176e+01  -2.91650384e-17   3.68711987e+01 
316          1.00000000e-02   3.15000000e+00   1.15726000e-03   4.24394677e-15   3.94784176e+01   3.68899789e-17   3.68711987e+01 
317          1.00000000e-02   3.16000000e+00   1.16375802e-03   4.27631021e-15   3.94784176e+01   1.27122705e-17   3.68711987e+01 
318          1.00000000e-02   3.17000000e+00   1.17147644e-03   4.30856522e-15   3.94784176e+01  -2.88533303e-17   3.68711987e+01 
319          1.00000000e-02   3.18000000e+00   1.17955312e-03   4.34054919e-15   3.94784176e+01   2.44487590e-17   3.68711987e+01 
320          1.00000000e-02   3.19000000e+00   1.18717000e-03   4.37372577e-15   3.94784176e+01   5.80048162e-18   3.68711987e+01 
321          1.00000000e-02   3.20000000e+00   1.19508144e-03   4.40652289e-15   3.94784176e+01   1.24683250e-18   3.68711987e+01 
322          1.00000000e-02   3.21000000e+00   1.20258725e-03   4.43915738e-15   3.94784176e+01   5.25160427e-17   3.68711987e+01 
323          1.00000000e-02   3.22000000e+00   1.21032925e-03   4.47146660e-15   3.94784176e+01   7.39425882e-17   3.68711987e+01 
324          1.00000000e-02   3.23000000e+00   1.21771505e-03   4.50410109e-15   3.94784176e+01   6.59330446e-17   3.68711987e+01 
325          1.00000000e-02   3.24000000e+00   1.22528293e-03   4.53630189e-15   3.94784176e+01   4.25820403e-17   3.68711987e+01 
326          1.00000000e-02   3.25000000e+00   1.23254040e-03   4.56806901e-15   3.94784176e+01  -3.22143570e-17   3.68711987e+01 
327          1.00000000e-02   3.26000000e+00   1.23992903e-03   4.60124560e-15   3.94784176e+01  -1.26309553e-17   3.68711987e+01 
328          1.00000000e-02   3.27000000e+00   1.24705045e-03   4.63388009e-15   3.94784176e+01   6.46455545e-17   3.68711987e+01 
329          1.00000000e-02   3.28000000e+00   1.25425416e-03   4.66640615e-15   3.94784176e+01  -8.33751471e-17   3.68711987e+01 
330          1.00000000e-02   3.29000000e+00   1.26123244e-03   4.69860695e-15   3.94784176e+01  -4.02374531e-17   3.68711987e+01 
331          1.00000000e-02   3.30000000e+00   1.26824498e-03   4.73124144e-15   3.94784176e+01  -4.58888570e-17   3.68711987e+01 
332          1.00000000e-02   3.31000000e+00   1.27603632e-03   4.76311698e-15   3.94784176e+01   2.59937471e-17   3.68711987e+01 
333          1.00000000e-02   3.32000000e+00   1.28489697e-03   4.79564305e-15   3.94784176e+01  -5.19061790e-18   3.68711987e+01 
334          1.00000000e-02   3.33000000e+00   1.29303491e-03   4.82881964e-15   3.94784176e+01   4.46555770e-17   3.68711987e+01 
335          1.00000000e-02   3.34000000e+00   1.30164227e-03   4.86177938e-15   3.94784176e+01   6.56619941e-17   3.68711987e+01 
336          1.00000000e-02   3.35000000e+00   1.30959172e-03   4.89408861e-15   3.94784176e+01   5.40339258e-17   3.68711987e+01 
337          1.00000000e-02   3.36000000e+00   1.31792734e-03   4.92748203e-15   3.94784176e+01   4.11454724e-17   3.68711987e+01 
338          1.00000000e-02   3.37000000e+00   1.32568789e-03   4.95979126e-15   3.94784176e+01   4.52112306e-17   3.68711987e+01 
339          1.00000000e-02   3.38000000e+00   1.33373436e-03   4.99361837e-15   3.94784176e+01   1.21403538e-16   3.68711987e+01 
340          1.00000000e-02   3.39000000e+00   1.34130532e-03   5.02636127e-15   3.94784176e+01  -8.42154037e-17   3.68711987e+01 
341          1.00000000e-02   3.40000000e+00   1.34904630e-03   5.05888734e-15   3.94784176e+01   1.23002736e-16   3.68711987e+01 
342          1.00000000e-02   3.41000000e+00   1.35642662e-03   5.09163024e-15   3.94784176e+01  -9.38919081e-17   3.68711987e+01 
343          1.00000000e-02   3.42000000e+00   1.36384689e-03   5.12480683e-15   3.94784176e+01   8.13151629e-19   3.68711987e+01 
344          1.00000000e-02   3.43000000e+00   1.37103503e-03   5.15733289e-15   3.94784176e+01  -3.78657609e-17   3.68711987e+01 
345          1.00000000e-02   3.44000000e+00   1.37932271e-03   5.19094316e-15   3.94784176e+01   2.08790233e-16   3.68711987e+01 
346          1.00000000e-02   3.45000000e+00   1.38896674e-03   5.22303555e-15   3.94784176e+01   7.84420272e-17   3.68711987e+01 
347          1.00000000e-02   3.46000000e+00   1.39766542e-03   5.25577845e-15   3.94784176e+01   3.16858085e-17   3.68711987e+01 
348          1.00000000e-02   3.47000000e+00   1.40682824e-03   5.28743715e-15   3.94784176e+01   9.86895028e-17   3.68711987e+01 
349          1.00000000e-02   3.48000000e+00   1.41532847e-03   5.32083058e-15   3.94784176e+01  -3.91396984e-17   3.68711987e+01 
350          1.00000000e-02   3.49000000e+00   1.42397797e-03   5.35292297e-15   3.94784176e+01   6.45100293e-18   3.68711987e+01 
351          1.00000000e-02   3.50000000e+00   1.43228569e-03   5.38544903e-15   3.94784176e+01   5.77879758e-17   3.68711987e+01 
352          1.00000000e-02   3.51000000e+00   1.44039173e-03   5.41840878e-15   3.94784176e+01   7.97430698e-17   3.68711987e+01 
353          1.00000000e-02   3.52000000e+00   1.44851281e-03   5.45136852e-15   3.94784176e+01  -6.66784336e-18   3.68711987e+01 
354          1.00000000e-02   3.53000000e+00   1.45604744e-03   5.48389459e-15   3.94784176e+01  -1.69948691e-17   3.68711987e+01 
355          1.00000000e-02   3.54000000e+00   1.46398750e-03   5.51598697e-15   3.94784176e+01   4.17959937e-17   3.68711987e+01 
356          1.00000000e-02   3.55000000e+00   1.47092506e-03   5.54894672e-15   3.94784176e+01  -1.44198889e-17   3.68711987e+01 
357          1.00000000e-02   3.56000000e+00   1.47986900e-03   5.58060542e-15   3.94784176e+01  -1.00857907e-16   3.68711987e+01 
358          1.00000000e-02   3.57000000e+00   1.48973685e-03   5.61313149e-15   3.94784176e+01   2.60208521e-18   3.68711987e+01 
359          1.00000000e-02   3.58000000e+00   1.49930353e-03   5.64609123e-15   3.94784176e+01  -6.66242235e-17   3.68711987e+01 
360          1.00000000e-02   3.59000000e+00   1.50895376e-03   5.67861730e-15   3.94784176e+01   4.52383356e-17   3.68711987e+01 
361          1.00000000e-02   3.60000000e+00   1.51769209e-03   5.71070968e-15   3.94784176e+01  -5.44811592e-18   3.68711987e+01 
362          1.00000000e-02   3.61000000e+00   1.52713838e-03   5.74410311e-15   3.94784176e+01  -1.04896560e-17   3.68711987e+01 
363          1.00000000e-02   3.62000000e+00   1.53514440e-03   5.77706286e-15   3.94784176e+01  -5.64598281e-17   3.68711987e+01 
364          1.00000000e-02   3.63000000e+00   1.54425548e-03   5.80915524e-15   3.94784176e+01   8.85793175e-17   3.68711987e+01 
365          1.00000000e-02   3.64000000e+00   1.55206393e-03   5.84124762e-15   3.94784176e+01  -1.52872506e-17   3.68711987e+01 
366          1.00000000e-02   3.65000000e+00   1.56027411e-03   5.87334001e-15   3.94784176e+01   6.91992037e-17   3.68711987e+01 
367          1.00000000e-02   3.66000000e+00   1.56790059e-03   5.90629975e-15   3.94784176e+01   3.56702515e-17   3.68711987e+01 
368          1.00000000e-02   3.67000000e+00   1.57516764e-03   5.93882582e-15   3.94784176e+01  -7.84149221e-17   3.68711987e+01 
369          1.00000000e-02   3.68000000e+00   1.58526943e-03   5.97178557e-15   3.94784176e+01   5.90890184e-18   3.68711987e+01 
370          1.00000000e-02   3.69000000e+00   1.59525321e-03   6.00604635e-15   3.94784176e+01   1.19235134e-16   3.68711987e+01 
371          1.00000000e-02   3.70000000e+00   1.60579946e-03   6.03857242e-15   3.94784176e+01   5.12827628e-17   3.68711987e+01 
372          1.00000000e-02   3.71000000e+00   1.61552778e-03   6.07283321e-15   3.94784176e+01   1.02565526e-16   3.68711987e+01 
373          1.00000000e-02   3.72000000e+00   1.62483459e-03   6.10535927e-15   3.94784176e+01   3.64020879e-17   3.68711987e+01 
374          1.00000000e-02   3.73000000e+00   1.63433140e-03   6.13788534e-15   3.94784176e+01  -1.14247804e-16   3.68711987e+01 
375          1.00000000e-02   3.74000000e+00   1.64232358e-03   6.16997772e-15   3.94784176e+01  -1.66967135e-17   3.68711987e+01 
376          1.00000000e-02   3.75000000e+00   1.65161413e-03   6.20337115e-15   3.94784176e+01   9.51116356e-17   3.68711987e+01 
377          1.00000000e-02   3.76000000e+00   1.65932682e-03   6.23459617e-15   3.94784176e+01   3.85433872e-17   3.68711987e+01 
378          1.00000000e-02   3.77000000e+00   1.66733399e-03   6.26668856e-15   3.94784176e+01   1.45608352e-16   3.68711987e+01 
379          1.00000000e-02   3.78000000e+00   1.67487932e-03   6.29878094e-15   3.94784176e+01  -2.76471554e-18   3.68711987e+01 
380          1.00000000e-02   3.79000000e+00   1.68281616e-03   6.33000596e-15   3.94784176e+01   3.49655201e-18   3.68711987e+01 
381          1.00000000e-02   3.80000000e+00   1.69475564e-03   6.36123099e-15   3.94784176e+01   1.62630326e-17   3.68711987e+01 
382          1.00000000e-02   3.81000000e+00   1.70505950e-03   6.39332337e-15   3.94784176e+01   1.15169376e-16   3.68711987e+01 
383          1.00000000e-02   3.82000000e+00   1.71567807e-03   6.42628312e-15   3.94784176e+01  -6.77897408e-17   3.68711987e+01 
384          1.00000000e-02   3.83000000e+00   1.72568382e-03   6.45750814e-15   3.94784176e+01  -6.74102701e-17   3.68711987e+01 
385          1.00000000e-02   3.84000000e+00   1.73449751e-03   6.48873316e-15   3.94784176e+01   8.86335276e-18   3.68711987e+01 
386          1.00000000e-02   3.85000000e+00   1.74424159e-03   6.52169291e-15   3.94784176e+01   8.87961579e-17   3.68711987e+01 
387          1.00000000e-02   3.86000000e+00   1.75229542e-03   6.55291793e-15   3.94784176e+01  -1.28965848e-16   3.68711987e+01 
388          1.00000000e-02   3.87000000e+00   1.76066621e-03   6.58414295e-15   3.94784176e+01   3.32036915e-17   3.68711987e+01 
389          1.00000000e-02   3.88000000e+00   1.76853460e-03   6.61363325e-15   3.94784176e+01   5.34511671e-17   3.68711987e+01 
390          1.00000000e-02   3.89000000e+00   1.77490522e-03   6.64572564e-15   3.94784176e+01   2.48282297e-17   3.68711987e+01 
391          1.00000000e-02   3.90000000e+00   1.78378250e-03   6.67695066e-15   3.94784176e+01  -6.32631968e-17   3.68711987e+01 
392          1.00000000e-02   3.91000000e+00   1.79498233e-03   6.70817568e-15   3.94784176e+01   5.46166844e-17   3.68711987e+01 
393          1.00000000e-02   3.92000000e+00   1.80658139e-03   6.73940070e-15   3.94784176e+01   2.32805311e-16   3.68711987e+01 
394          1.00000000e-02   3.93000000e+00   1.81737944e-03   6.76975836e-15   3.94784176e+01   1.55637222e-16   3.68711987e+01 
395          1.00000000e-02   3.94000000e+00   1.82657686e-03   6.80011603e-15   3.94784176e+01   2.04372110e-17   3.68711987e+01 
396          1.00000000e-02   3.95000000e+00   1.83701899e-03   6.83047369e-15   3.94784176e+01   1.00830802e-17   3.68711987e+01 
397          1.00000000e-02   3.96000000e+00   1.84567707e-03   6.85996399e-15   3.94784176e+01   3.79741811e-17   3.68711987e+01 
398          1.00000000e-02   3.97000000e+00   1.85379878e-03   6.88945428e-15   3.94784176e+01  -5.37764278e-17   3.68711987e+01 
399          1.00000000e-02   3.98000000e+00   1.86222081e-03   6.91894458e-15   3.94784176e+01   2.01526079e-16   3.68711987e+01 
400          1.00000000e-02   3.99000000e+00   1.86879560e-03   6.94670016e-15   3.94784176e+01   6.45371343e-17   3.68711987e+01 
401          1.00000000e-02   4.00000000e+00   1.87588699e-03   6.97705782e-15   3.94784176e+01  -1.62657431e-16   3.68711987e+01 
