    0.0000000000     0.0000000000     0.0000000000     0.0000000000
    0.0000000000     0.0000000000    -0.3297174776     1.0000000000
    0.0000000000     0.0000000000    -0.3323496554     1.0000000000
    0.0000000000     0.0000000000    -0.3327824453     1.0000000000
    0.0000000000     0.0000000000    -0.3328382230     1.0000000000
    0.0000000000     0.0000000000    -0.3319498116     1.0000000000
    0.0000000000     0.0000000000    -0.3303151334     1.0000000000
    0.0000000000     0.0000000000    -0.3275872596     1.0000000000
    0.0000000000     0.0000000000    -0.3235326654     1.0000000000
    0.0000000000     0.0000000000    -0.3179029647     1.0000000000
    0.0000000000     0.0000000000    -0.3106313871     1.0000000000
    0.0000000000     0.0000000000    -0.3018534897     1.0000000000
    0.0000000000     0.0000000000    -0.2919665553     1.0000000000
    0.0000000000     0.0000000000    -0.2816112886     1.0000000000
    0.0000000000     0.0000000000    -0.2716118098     1.0000000000
    0.0000000000     0.0000000000    -0.2628498680     1.0000000000
    0.0000000000     0.0000000000    -0.2561071332     1.0000000000
    0.0000000000     0.0000000000    -0.2519152777     1.0000000000
    0.0000000000     0.0000000000    -0.2504656851     1.0000000000
    0.0000000000     0.0000000000    -0.2516030311     1.0000000000
    0.0000000000     0.0000000000    -0.2548953641     1.0000000000
    0.0000000000     0.0000000000    -0.2597451477     1.0000000000
    0.0000000000     0.0000000000    -0.2655074183     1.0000000000
    0.0000000000     0.0000000000    -0.2715783751     1.0000000000
    0.0000000000     0.0000000000    -0.2774632649     1.0000000000
    0.0000000000     0.0000000000    -0.2827794439     1.0000000000
    0.0000000000     0.0000000000    -0.2872998766     1.0000000000
    0.0000000000     0.0000000000    -0.2908215023     1.0000000000
    0.0000000000     0.0000000000    -0.2933593252     1.0000000000
    0.0000000000     0.0000000000    -0.2945099474     1.0000000000
    0.0000000000     0.0000000000    -0.2948145913     1.0000000000
    0.0000000000     0.0000000000    -0.2922824066     1.0000000000
    0.0000000000     0.0000000000     0.0000000000     0.0000000000
    0.0000000000     0.0000000000    -0.3297174776     0.9874099895
    0.0009838699     0.0147121931    -0.3297174776     0.9874099895
   -0.0026869480     0.0210863147    -0.3323496554     0.9865677359
   -0.0118613316     0.0224049400    -0.3327824453     0.9844900667
   -0.0216699915     0.0226819446    -0.3328382230     0.9812196621
   -0.0323009153     0.0228214026    -0.3319498116     0.9770389845
   -0.0432240753     0.0230824064    -0.3303151334     0.9722883728
   -0.0543888168     0.0233514774    -0.3275872596     0.9672167077
   -0.0651731915     0.0234753088    -0.3235326654     0.9619690181
   -0.0747265652     0.0232914055    -0.3179029647     0.9566389381
   -0.0819714628     0.0226971246    -0.3106313871     0.9513278283
   -0.0858624016     0.0216623208    -0.3018534897     0.9461717263
   -0.0855537982     0.0202523534    -0.2919665553     0.9413442561
   -0.0805906934     0.0186241701    -0.2816112886     0.9370438981
   -0.0710263037     0.0170025889    -0.2716118098     0.9334731347
   -0.0574654114     0.0156308533    -0.2628498680     0.9308122378
   -0.0409951848     0.0147118643    -0.2561071332     0.9291933831
   -0.0230177117     0.0143594559    -0.2519152777     0.9286824090
   -0.0050249315     0.0145788287    -0.2504656851     0.9292744647
    0.0116192690     0.0152797242    -0.2516030311     0.9309043660
    0.0258373303     0.0163122671    -0.2548953641     0.9334673260
    0.0369155276     0.0175087414    -0.2597451477     0.9368433728
    0.0445000036     0.0187193162    -0.2655074183     0.9409192517
    0.0485460531     0.0198326538    -0.2715783751     0.9456016678
    0.0492204658     0.0207869002    -0.2774632649     0.9508156475
    0.0468445781     0.0215624013    -0.2827794439     0.9564779992
    0.0417595742     0.0221865402    -0.2872998766     0.9624419347
    0.0344372159     0.0226883916    -0.2908215023     0.9684180607
    0.0251658132     0.0230962856    -0.2933593252     0.9739292581
    0.0150514304     0.0231303931    -0.2945099474     0.9783652104
    0.0045122787     0.0218726227    -0.2948145913     0.9812164012
   -0.0005133561     0.0152287999    -0.2922824066     0.9823571296
    0.0000000000     0.0000000000    -0.2922824066     0.9823571296
    0.0000000000     0.0000000000    -0.2820666850     0.9629395892
   -0.0027533768    -0.0020484868    -0.2820666850     0.9629395892
   -0.0159823454     0.0046913471    -0.2833456477     0.9603038950
   -0.0374231124     0.0084176630    -0.2830193738     0.9538132217
   -0.0609726601     0.0102566532    -0.2828541513     0.9436136959
   -0.0860596042     0.0111389629    -0.2820689971     0.9306580398
   -0.1108773807     0.0115580613    -0.2808452205     0.9160694578
   -0.1344334158     0.0111187125    -0.2787679261     0.9006596733
   -0.1550159302     0.0093242153    -0.2756069173     0.8849077353
   -0.1709137220     0.0057959068    -0.2710788503     0.8691417696
   -0.1804540592     0.0004766160    -0.2650603489     0.8537044427
   -0.1823939266    -0.0063707720    -0.2575966579     0.8390055430
   -0.1760494724    -0.0141860864    -0.2489844468     0.8255102706
   -0.1614293000    -0.0221954051    -0.2397681209     0.8137027145
   -0.1392553029    -0.0295223364    -0.2306959406     0.8040442257
   -0.1109242405    -0.0353380801    -0.2226006343     0.7969270367
   -0.0783640003    -0.0390172474    -0.2162415808     0.7926292799
   -0.0438061319    -0.0402542458    -0.2121488549     0.7912837354
   -0.0095150771    -0.0390953736    -0.2105264253     0.7928730325
    0.0224560516    -0.0358824317    -0.2112413222     0.7972536339
    0.0504320169    -0.0311397059    -0.2138919064     0.8042002675
    0.0731908953    -0.0254499509    -0.2179172050     0.8134578509
    0.0899504354    -0.0193513925    -0.2227135066     0.8247889445
    0.1003150836    -0.0132775415    -0.2277187818     0.8380034309
    0.1041666258    -0.0075316301    -0.2324824731     0.8529526888
    0.1016451284    -0.0023137830    -0.2366647310     0.8694551879
    0.0930110279     0.0022583622    -0.2401046674     0.8871272702
    0.0789623812     0.0060162157    -0.2426731356     0.9051232884
    0.0602336194     0.0086889861    -0.2445562301     0.9219532395
    0.0392419549     0.0093512382    -0.2454760221     0.9356371448
    0.0176708812     0.0068157408    -0.2462592673     0.9444725461
    0.0033048407    -0.0002724010    -0.2450565778     0.9480244556
    0.0000000000     0.0000000000    -0.2450565778     0.9480244556
    0.0000000000     0.0000000000    -0.2567443483     0.9401909361
   -0.0038952458     0.0177765476    -0.2567443483     0.9401909361
   -0.0238838298     0.0397020956    -0.2598395538     0.9357204604
   -0.0559100438     0.0496850474    -0.2599515217     0.9246270346
   -0.0893730677     0.0538171938    -0.2605354564     0.9072645488
   -0.1235122188     0.0548047459    -0.2606243178     0.8854822127
   -0.1555177083     0.0535626466    -0.2604898204     0.8613615314
   -0.1838374952     0.0495515404    -0.2596053332     0.8363783928
   -0.2063584189     0.0421489412    -0.2576482665     0.8113990949
   -0.2214157123     0.0311495799    -0.2542182409     0.7870040436
   -0.2277077094     0.0169631846    -0.2491016356     0.7637256082
   -0.2245771713     0.0005004903    -0.2422829112     0.7421032437
   -0.2119574923    -0.0169569454    -0.2340404201     0.7226678706
   -0.1904013680    -0.0339056574    -0.2249407577     0.7059220269
   -0.1610539059    -0.0487824532    -0.2157913974     0.6923267065
   -0.1256232548    -0.0601808068    -0.2075068135     0.6822782857
   -0.0862575289    -0.0670896252    -0.2009272171     0.6760717546
   -0.0453306017    -0.0690720684    -0.1966372498     0.6738652140
   -0.0051775215    -0.0663015824    -0.1948555938     0.6756685092
    0.0321352638    -0.0594468909    -0.1954278070     0.6813659401
    0.0649466699    -0.0494670021    -0.1979106458     0.6907648317
    0.0920372200    -0.0373965664    -0.2016992450     0.7036535107
    0.1125743522    -0.0241768832    -0.2061565678     0.7198539059
    0.1260301110    -0.0105629910    -0.2107012505     0.7392526888
    0.1320473016     0.0028944047    -0.2148783417     0.7617837499
    0.1304385954     0.0157749907    -0.2183520876     0.7873064463
    0.1210637869     0.0276713944    -0.2209879060     0.8153173019
    0.1043204342     0.0379371766    -0.2226890276     0.8444867990
    0.0807473282     0.0454567669    -0.2237412407     0.8722797270
    0.0532264205     0.0479053128    -0.2238474430     0.8951797717
    0.0236247602     0.0416717430    -0.2240745101     0.9100330583
    0.0040309313     0.0202899702    -0.2211469261     0.9159632979
    0.0000000000     0.0000000000    -0.2211469261     0.9159632979
    0.0000000000     0.0000000000    -0.2265161725     0.9195299658
   -0.0053716636     0.0305566573    -0.2265161725     0.9195299658
   -0.0298092348     0.0652198966    -0.2296726241     0.9133388596
   -0.0672869077     0.0805758409    -0.2299954511     0.8978781883
   -0.1053709447     0.0855850320    -0.2313685167     0.8738613261
   -0.1428091289     0.0847734723    -0.2326169963     0.8442259129
   -0.1761172508     0.0795379200    -0.2339416792     0.8121456831
   -0.2036355082     0.0695338184    -0.2346411637     0.7798360354
   -0.2234811312     0.0544331254    -0.2342547178     0.7485602061
   -0.2345810263     0.0345443135    -0.2322493358     0.7190662500
   -0.2363169419     0.0108709405    -0.2283197362     0.6918736682
   -0.2286321393    -0.0151087406    -0.2223929477     0.6673549811
   -0.2118550732    -0.0415989020    -0.2147272589     0.6457737179
   -0.1867294732    -0.0665984738    -0.2059051302     0.6273459300
   -0.1544540846    -0.0880450264    -0.1967873883     0.6123044205
   -0.1167421061    -0.1040767063    -0.1883692546     0.6009197727
   -0.0757479872    -0.1133744971    -0.1815740523     0.5934616235
   -0.0338454860    -0.1154324762    -0.1770419264     0.5901309137
    0.0066759557    -0.1106070446    -0.1750037093     0.5910179022
    0.0438684900    -0.0999302178    -0.1752799740     0.5961160788
    0.0762568792    -0.0847934826    -0.1773859638     0.6053792788
    0.1028403056    -0.0666311254    -0.1806798898     0.6187898012
    0.1229872256    -0.0466853554    -0.1845053834     0.6364120299
    0.1363015519    -0.0258890399    -0.1882807027     0.6584130185
    0.1424361647    -0.0048730520    -0.1915656471     0.6850175056
    0.1410651048     0.0158833318    -0.1940449660     0.7163236149
    0.1317436139     0.0357815274    -0.1956194773     0.7518790190
    0.1145077657     0.0536798352    -0.1962415591     0.7899965123
    0.0895407573     0.0674402811    -0.1963204164     0.8271483514
    0.0597628310     0.0731316181    -0.1956747811     0.8582420703
    0.0271843069     0.0645125109    -0.1956164575     0.8785374121
    0.0049579063     0.0322187699    -0.1927563961     0.8865766948
    0.0000000000     0.0000000000    -0.1927563961     0.8865766948
    0.0000000000     0.0000000000    -0.2028217571     0.9010878040
   -0.0052874745     0.0495441075    -0.2028217571     0.9010878040
   -0.0305744139     0.1002617472    -0.2065154160     0.8934978506
   -0.0694851191     0.1213494833    -0.2075662244     0.8744580522
   -0.1081679921     0.1262982585    -0.2101167849     0.8451141652
   -0.1449398282     0.1221017859    -0.2128203490     0.8095386432
   -0.1760690479     0.1111014264    -0.2157501469     0.7720200390
   -0.2001725644     0.0936054088    -0.2180383514     0.7355041939
   -0.2159234160     0.0698881452    -0.2190963105     0.7015611752
   -0.2229176433     0.0408617587    -0.2182976455     0.6708974146
   -0.2210765597     0.0080028287    -0.2152891073     0.6437129782
   -0.2106443956    -0.0268714161    -0.2099794225     0.6198828872
   -0.1920032788    -0.0616769880    -0.2026317726     0.5991305696
   -0.1657891552    -0.0940561697    -0.1938592693     0.5812307167
   -0.1330568696    -0.1214760841    -0.1845872684     0.5661717490
   -0.0954456204    -0.1415694371    -0.1759032839     0.5541919512
   -0.0551332500    -0.1526530730    -0.1688218548     0.5456673054
   -0.0145569629    -0.1541500629    -0.1640373052     0.5409340360
    0.0239761337    -0.1466624387    -0.1617806797     0.5401776934
    0.0586008591    -0.1316810192    -0.1618302009     0.5434542293
    0.0880296361    -0.1111164353    -0.1636438709     0.5508044399
    0.1115245189    -0.0868505232    -0.1665336548     0.5623817272
    0.1287477996    -0.0604204837    -0.1698216471     0.5785366787
    0.1395801785    -0.0328711935    -0.1729291241     0.5998329309
    0.1438802801    -0.0047901898    -0.1754345108     0.6269616980
    0.1414033054     0.0234487487    -0.1770431922     0.6604700773
    0.1316134306     0.0512097165    -0.1776746781     0.7001719937
    0.1143043983     0.0769204207    -0.1773017756     0.7442164213
    0.0893324829     0.0973008813    -0.1763945138     0.7882411522
    0.0594396941     0.1064884150    -0.1748644846     0.8256913974
    0.0266079128     0.0950242740    -0.1741845969     0.8502915845
    0.0045688280     0.0491012243    -0.1709054172     0.8599674757
    0.0000000000     0.0000000000    -0.1709054172     0.8599674757
    0.0000000000     0.0000000000    -0.1813811744     0.8848233248
   -0.0045165971     0.0661196245    -0.1813811744     0.8848233248
   -0.0277501789     0.1320907568    -0.1849937690     0.8763335198
   -0.0641734689     0.1584294627    -0.1867424608     0.8549232578
   -0.1001728088     0.1624186188    -0.1903805232     0.8221249547
   -0.1335985644     0.1537324579    -0.1944495871     0.7829971903
   -0.1607643328     0.1360438049    -0.1988114449     0.7428103578
   -0.1806434874     0.1106339793    -0.2024548450     0.7051182097
   -0.1924553518     0.0784851849    -0.2046901952     0.6716167070
   -0.1962699870     0.0410067650    -0.2048454251     0.6427077744
   -0.1922741795    -0.0000847037    -0.2025536961     0.6179852654
   -0.1807318583    -0.0428793810    -0.1977227425     0.5966030120
   -0.1618623744    -0.0851770180    -0.1906192109     0.5776535230
   -0.1360668456    -0.1243127170    -0.1818766752     0.5605454175
   -0.1042237666    -0.1572134062    -0.1724747888     0.5452500643
   -0.0679388886    -0.1808802628    -0.1635867334     0.5322795297
   -0.0294828255    -0.1931764843    -0.1563106881     0.5223834161
    0.0085920616    -0.1934585693    -0.1513817027     0.5161579422
    0.0439450726    -0.1826601016    -0.1490130554     0.5138349193
    0.0748004697    -0.1628459451    -0.1489248195     0.5153548695
    0.1000643225    -0.1365450955    -0.1505100826     0.5206180602
    0.1192540154    -0.1061503469    -0.1530366134     0.5297450197
    0.1323130697    -0.0735181234    -0.1558141813     0.5432410463
    0.1394056567    -0.0397876257    -0.1582804097     0.5620300974
    0.1406553646    -0.0054343998    -0.1600459700     0.5873293633
    0.1360257239     0.0293980766    -0.1608504557     0.6202731049
    0.1250923737     0.0641992858    -0.1606369139     0.6611325595
    0.1076177029     0.0971074806    -0.1594018623     0.7081142858
    0.0833411404     0.1237441908    -0.1576512766     0.7562710903
    0.0548016024     0.1362417540    -0.1554183415     0.7978598726
    0.0239928611     0.1219076174    -0.1542509352     0.8253177087
    0.0038636441     0.0632147988    -0.1510882786     0.8360335995
    0.0000000000     0.0000000000    -0.1510882786     0.8360335995
    0.0000000000     0.0000000000    -0.1631211620     0.8706369906
   -0.0030906814     0.0805031422    -0.1631211620     0.8706369906
   -0.0219808639     0.1609116737    -0.1664621500     0.8618198664
   -0.0531105598     0.1924711284    -0.1689029297     0.8394110126
   -0.0842869755     0.1954132626    -0.1734612312     0.8051714285
   -0.1129325617     0.1820557564    -0.1786592973     0.7648337278
   -0.1355522040     0.1577082188    -0.1841243708     0.7243812845
   -0.1513630648     0.1248312242    -0.1887610410     0.6877704324
   -0.1599574959     0.0851109065    -0.1918252123     0.6566248007
   -0.1616258530     0.0402844346    -0.1926478222     0.6308380574
   -0.1565962152    -0.0079115785    -0.1908737918     0.6092405255
   -0.1449944375    -0.0576557290    -0.1864169989     0.5902114133
   -0.1268069146    -0.1067184365    -0.1795395408     0.5722980934
   -0.1022051481    -0.1520977817    -0.1708817495     0.5547765594
   -0.0719555717    -0.1900529229    -0.1614640265     0.5379514612
   -0.0377191502    -0.2168084682    -0.1525321862     0.5229848750
   -0.0019190823    -0.2297106935    -0.1452502409     0.5112713643
    0.0327850123    -0.2281033551    -0.1403698918     0.5037418375
    0.0640871201    -0.2133731432    -0.1380626022     0.5005577058
    0.0903874861    -0.1882740942    -0.1379752290     0.5013115228
    0.1108450667    -0.1560212624    -0.1394340423     0.5054961934
    0.1252373308    -0.1195413459    -0.1416714777     0.5129515037
    0.1337395058    -0.0810118298    -0.1439984732     0.5241363067
    0.1367203067    -0.0416645450    -0.1458823440     0.5401962952
    0.1345059156    -0.0018537378    -0.1469760867     0.5628090905
    0.1272662727     0.0385427007    -0.1470622976     0.5937076608
    0.1147885443     0.0792172561    -0.1461101215     0.6337098913
    0.0969761446     0.1181205171    -0.1441422537     0.6812528740
    0.0736811024     0.1498712362    -0.1416739920     0.7310815965
    0.0473005518     0.1646644048    -0.1388590615     0.7746430040
    0.0198660481     0.1468268194    -0.1372270011     0.8034781858
    0.0028272949     0.0757409132    -0.1342601951     0.8146241767
    0.0000000000     0.0000000000    -0.1342601951     0.8146241767
    0.0000000000     0.0000000000    -0.1465022294     0.8583743944
   -0.0014539609     0.0905843730    -0.1465022294     0.8583743944
   -0.0146548506     0.1833960645    -0.1492755390     0.8497657616
   -0.0386164249     0.2202027987    -0.1522188978     0.8276469564
   -0.0636472102     0.2225919227    -0.1573713653     0.7937944010
   -0.0868266068     0.2050937465    -0.1633325482     0.7542134746
   -0.1048964530     0.1747558757    -0.1694942191     0.7152521910
   -0.1171157276     0.1352958012    -0.1747325049     0.6810399406
   -0.1232272394     0.0890541571    -0.1782856896     0.6529862991
   -0.1235250613     0.0379536952    -0.1795207662     0.6303994137
   -0.1181438236    -0.0163900656    -0.1781086054     0.6113422874
   -0.1070186514    -0.0723350935    -0.1739720711     0.5935005635
   -0.0899208736    -0.1276324062    -0.1673625500     0.5750525077
   -0.0668617022    -0.1788571146    -0.1589168994     0.5554197430
   -0.0386012207    -0.2214456880    -0.1496830326     0.5355938366
   -0.0069565307    -0.2507210991    -0.1409594083     0.5177170699
    0.0254637264    -0.2635172682    -0.1339448748     0.5040022223
    0.0559570099    -0.2592972398    -0.1293709497     0.4956739268
    0.0823821633    -0.2400660802    -0.1273376857     0.4926314806
    0.1034522617    -0.2093738788    -0.1274069617     0.4938877620
    0.1186734802    -0.1711398169    -0.1288450445     0.4983282691
    0.1281095073    -0.1287799222    -0.1308669489     0.5053547318
    0.1321225168    -0.0847351907    -0.1328041441     0.5152440956
    0.1311864415    -0.0403013430    -0.1341684404     0.5292322767
    0.1257135413     0.0042756784    -0.1346633783     0.5493310840
    0.1159943573     0.0493452498    -0.1341201126     0.5777704426
    0.1020290903     0.0947794867    -0.1325366783     0.6158720714
    0.0839564649     0.1383639071    -0.1299694388     0.6623704407
    0.0619221761     0.1738178849    -0.1269316951     0.7119373831
    0.0382618612     0.1896020311    -0.1237032506     0.7556171492
    0.0150784722     0.1676046860    -0.1217210658     0.7845128525
    0.0017392724     0.0853036428    -0.1191323873     0.7955499535
    0.0000000000     0.0000000000    -0.1191323873     0.7955499535
    0.0000000000     0.0000000000    -0.1307070298     0.8478468693
    0.0001136877     0.0961592605    -0.1307070298     0.8478468693
   -0.0069058067     0.1987737950    -0.1327422418     0.8398718495
   -0.0227385480     0.2409014412    -0.1359566870     0.8190868668
   -0.0409205936     0.2437208580    -0.1413558397     0.7870788317
   -0.0583717301     0.2232114124    -0.1477060546     0.7497219810
   -0.0720947315     0.1880434856    -0.1541881825     0.7133682358
   -0.0812064661     0.1431731829    -0.1596964984     0.6821112676
   -0.0854074329     0.0915551584    -0.1634768241     0.6570832979
   -0.0848465725     0.0352220901    -0.1649500901     0.6370433753
   -0.0794972566    -0.0243925673    -0.1638193901     0.6193836782
   -0.0690999414    -0.0858529494    -0.1600183381     0.6012334367
   -0.0532539222    -0.1468557112    -0.1537859057     0.5805926237
   -0.0318968988    -0.2034347168    -0.1457508162     0.5573003212
   -0.0059045655    -0.2500434949    -0.1369767483     0.5333621913
    0.0226514098    -0.2810295106    -0.1287877019     0.5121553119
    0.0509787535    -0.2928166425    -0.1223734580     0.4967486359
    0.0764435742    -0.2852060289    -0.1183983580     0.4884748159
    0.0972309693    -0.2610167274    -0.1168601870     0.4866963610
    0.1125096716    -0.2246741586    -0.1172309128     0.4896269652
    0.1222186756    -0.1807576361    -0.1187332171     0.4954378414
    0.1267273777    -0.1330551928    -0.1205899626     0.5030692199
    0.1265452829    -0.0841472614    -0.1221755515     0.5126093483
    0.1221655163    -0.0353192882    -0.1230600748     0.5253373214
    0.1139752049     0.0132857824    -0.1230024468     0.5434896841
    0.1022811701     0.0621642192    -0.1218833416     0.5696388503
    0.0872458189     0.1112605915    -0.1197300815     0.6054664813
    0.0692670734     0.1581337441    -0.1166400672     0.6499610739
    0.0488848720     0.1956881357    -0.1131229251     0.6978748380
    0.0284209342     0.2109491555    -0.1095912862     0.7402200867
    0.0100373136     0.1840984521    -0.1073392666     0.7681123358
    0.0006801664     0.0919942580    -0.1052112762     0.7786126591
    0.0000000000     0.0000000000    -0.1052112762     0.7786126591
    0.0000000000     0.0000000000    -0.1147780635     0.8388390907
    0.0013869098     0.0972925101    -0.1147780635     0.8388390907
    0.0002998665     0.2065923310    -0.1159778824     0.8317827952
   -0.0072195448     0.2539280897    -0.1192069456     0.8130597696
   -0.0183102077     0.2583569169    -0.1245105730     0.7839180345
   -0.0300011005     0.2363023285    -0.1308907647     0.7497633404
   -0.0396110057     0.1977287346    -0.1373578264     0.7166311846
   -0.0460080869     0.1487220757    -0.1428562348     0.6884068112
   -0.0487167314     0.0928252634    -0.1466531781     0.6659329607
   -0.0476466366     0.0321674741    -0.1482303498     0.6475080265
   -0.0425684548    -0.0319998080    -0.1473264109     0.6299763373
   -0.0330268199    -0.0984270993    -0.1438902203     0.6100478798
   -0.0184869028    -0.1646774414    -0.1381537781     0.5857346329
    0.0010909045    -0.2260793771    -0.1307406806     0.5575817503
    0.0245776237    -0.2759359204    -0.1227210160     0.5289376356
    0.0495626520    -0.3076168294    -0.1154105048     0.5045920289
    0.0731203023    -0.3173522883    -0.1099357499     0.4883528218
    0.0928406486    -0.3055757645    -0.1068425058     0.4813247163
    0.1074044890    -0.2761177664    -0.1060002869     0.4819899216
    0.1165518251    -0.2343090005    -0.1067961222     0.4875679183
    0.1206973650    -0.1852818343    -0.1084338622     0.4954955800
    0.1205007529    -0.1330250687    -0.1101725350     0.5043411356
    0.1165684158    -0.0800949516    -0.1114499926     0.5141094646
    0.1093439776    -0.0276658499    -0.1119037850     0.5261665902
    0.0991117439     0.0242266710    -0.1113481684     0.5429164298
    0.0861187870     0.0761278588    -0.1097099374     0.5671226318
    0.0706360208     0.1278985958    -0.1070440715     0.6006408674
    0.0533049896     0.1767507352    -0.1034951862     0.6426010269
    0.0350846779     0.2148357857    -0.0995739036     0.6879134661
    0.0182782309     0.2281033647    -0.0958330800     0.7278593780
    0.0050485389     0.1958731949    -0.0933942986     0.7539561250
   -0.0002757613     0.0957207450    -0.0917925998     0.7636128729
    0.0000000000     0.0000000000    -0.0917925998     0.7636128729
    0.0000000000     0.0000000000    -0.0980839700     0.8311130826
    0.0022595304     0.0946579225    -0.0980839700     0.8311130826
    0.0062987268     0.2072870870    -0.0984488798     0.8251296551
    0.0066130857     0.2593821172    -0.1014598955     0.8088838619
    0.0024746382     0.2665455514    -0.1063733750     0.7832104403
   -0.0035742734     0.2445495938    -0.1124700975     0.7528147810
   -0.0092745843     0.2041484188    -0.1186447746     0.7231662763
   -0.0132402644     0.1523571607    -0.1239139291     0.6978002170
   -0.0147529721     0.0932738500    -0.1275736597     0.6772649312
   -0.0134267664     0.0291422296    -0.1291661483     0.6594759278
   -0.0087889811    -0.0389363980    -0.1284669126     0.6408303070
   -0.0001720675    -0.1098450649    -0.1254456296     0.6177475069
    0.0130593085    -0.1808803023    -0.1203368616     0.5884779172
    0.0308048304    -0.2464455669    -0.1137660390     0.5546293716
    0.0515332511    -0.2985409664    -0.1067982289     0.5212363834
    0.0724519148    -0.3296712480    -0.1006982688     0.4945650886
    0.0906192209    -0.3362176063    -0.0964690714     0.4788563014
    0.1040396817    -0.3195868623    -0.0944901208     0.4745160071
    0.1120423840    -0.2847774384    -0.0944891197     0.4787825153
    0.1150027380    -0.2379767653    -0.0957863069     0.4877502960
    0.1137951216    -0.1846940403    -0.0975985091     0.4981924799
    0.1093094447    -0.1289080294    -0.0992487600     0.5084751456
    0.1021815656    -0.0729740747    -0.1002536974     0.5186872981
    0.0927515618    -0.0178545528    -0.1003211867     0.5303751103
    0.0811627045     0.0365234920    -0.0993159837     0.5460921584
    0.0675733310     0.0906499054    -0.0972047026     0.5686678802
    0.0523359252     0.1441313901    -0.0940680860     0.5999520642
    0.0363093229     0.1936966183    -0.0901040391     0.6390855764
    0.0208385818     0.2308084431    -0.0858336080     0.6811690748
    0.0081483934     0.2407451901    -0.0819557535     0.7179798347
    0.0002922174     0.2028536414    -0.0794048146     0.7417392516
   -0.0010975546     0.0966574530    -0.0783626479     0.7503574527
    0.0000000000     0.0000000000    -0.0783626479     0.7503574527
    0.0000000000     0.0000000000    -0.0802276602     0.8244025909
    0.0027204187     0.0891618705    -0.0802276602     0.8244025909
    0.0107225339     0.2017932317    -0.0798413173     0.8195488058
    0.0178434880     0.2577862635    -0.0824513635     0.8059334329
    0.0201552410     0.2685268164    -0.0867440290     0.7839710307
    0.0194682607     0.2481189064    -0.0922928203     0.7575488119
    0.0174780576     0.2074898406    -0.0979430453     0.7314018108
    0.0157372764     0.1542901864    -0.1028008547     0.7085955927
    0.0152108072     0.0930982037    -0.1061983104     0.6893529874
    0.0166104831     0.0262830278    -0.1077352398     0.6712368343
    0.0206995268    -0.0451636971    -0.1072246471     0.6502640950
    0.0283840294    -0.1201642384    -0.1046630604     0.6227142569
    0.0403502288    -0.1955365776    -0.1002992968     0.5873948637
    0.0562064365    -0.2644779765    -0.0947682065     0.5474293920
    0.0738818588    -0.3175885643    -0.0891125236     0.5098499397
    0.0902378256    -0.3467738856    -0.0844959341     0.4822675199
    0.1025081202    -0.3490209802    -0.0817385190     0.4688369090
    0.1093111408    -0.3270423354    -0.0810192459     0.4687123955
    0.1107283831    -0.2870744415    -0.0819286029     0.4775817381
    0.1077649831    -0.2360200234    -0.0837507633     0.4903993319
    0.1016779882    -0.1795319817    -0.0857497082     0.5034443080
    0.0934910290    -0.1213558583    -0.0873346616     0.5151022489
    0.0837937134    -0.0634885524    -0.0881077847     0.5257266492
    0.0727867423    -0.0066091451    -0.0878426491     0.5371362618
    0.0604721655     0.0494430509    -0.0864453992     0.5520235880
    0.0469364940     0.1049930745    -0.0839147452     0.5731807714
    0.0326192776     0.1592338225    -0.0803562586     0.6023030089
    0.0185722580     0.2082975588    -0.0760272323     0.6384333791
    0.0064529163     0.2430531984    -0.0714701775     0.6768819871
   -0.0016978470     0.2485482715    -0.0675300742     0.7100869730
   -0.0040879664     0.2050334045    -0.0649470217     0.7311819562
   -0.0017641599     0.0950179974    -0.0644783635     0.7386612659
    0.0000000000     0.0000000000    -0.0644783635     0.7386612659
    0.0000000000     0.0000000000    -0.0610600566     0.8183984012
    0.0028302948     0.0818119421    -0.0610600566     0.8183984012
    0.0134821084     0.1914431927    -0.0600704741     0.8146778656
    0.0259747176     0.2501015469    -0.0621662195     0.8036612436
    0.0338834787     0.2648347710    -0.0656877201     0.7853767853
    0.0380728019     0.2472993241    -0.0704858119     0.7628741527
    0.0395372482     0.2079512293    -0.0754271186     0.7400634020
    0.0398463115     0.1547031826    -0.0797250230     0.7194365007
    0.0401648812     0.0924698922    -0.0827584005     0.7008210833
    0.0415389146     0.0237167347    -0.0841828711     0.6814046968
    0.0450667631    -0.0506369768    -0.0838496166     0.6568796629
    0.0519046941    -0.1294030746    -0.0817872673     0.6236091129
    0.0626940069    -0.2086100292    -0.0782695858     0.5814114698
    0.0765677963    -0.2799369177    -0.0739434608     0.5354440027
    0.0908372579    -0.3326148905    -0.0698017676     0.4949050940
    0.1021661204    -0.3583947660    -0.0668524279     0.4683423840
    0.1082103847    -0.3553825881    -0.0656840053     0.4591238918
    0.1083705096    -0.3278519225    -0.0662620964     0.4646151005
    0.1035082881    -0.2832261750    -0.0680644465     0.4787864177
    0.0951781596    -0.2288908181    -0.0703785454     0.4955856019
    0.0848947001    -0.1703744846    -0.0725466657     0.5110567932
    0.0737025274    -0.1109808038    -0.0740773176     0.5238460752
    0.0620789101    -0.0522332795    -0.0746558158     0.5347254583
    0.0500753416     0.0054967730    -0.0741109843     0.5458415364
    0.0375863670     0.0624059109    -0.0723794361     0.5599957204
    0.0246774411     0.1185432945    -0.0694852563     0.5798523095
    0.0119022249     0.1725589918    -0.0655603727     0.6068429182
    0.0004803121     0.2199297914    -0.0609278733     0.6398466473
   -0.0077233611     0.2510809619    -0.0561619907     0.6744110729
   -0.0109897338     0.2512998298    -0.0522440875     0.7037510137
   -0.0079665835     0.2025549132    -0.0497157847     0.7220310435
   -0.0022639848     0.0911003468    -0.0498137989     0.7283451068
    0.0000000000     0.0000000000    -0.0498137989     0.7283451068
    0.0000000000     0.0000000000    -0.0406156931     0.8127267174
    0.0026868868     0.0735473406    -0.0406156931     0.8127267174
    0.0147150625     0.1777552997    -0.0392059971     0.8101321367
    0.0309136149     0.2376208531    -0.0407506901     0.8015827797
    0.0432573010     0.2562891248    -0.0434394344     0.7867601576
    0.0515958545     0.2425362637    -0.0473586865     0.7679237441
    0.0561366383     0.2057660371    -0.0514607534     0.7481310929
    0.0582992436     0.1537323496    -0.0550838734     0.7292108574
    0.0593725075     0.0914643702    -0.0576695895     0.7104943358
    0.0607242892     0.0214378923    -0.0589307996     0.6887414320
    0.0638098674    -0.0554613721    -0.0587586323     0.6594107867
    0.0699964515    -0.1377034103    -0.0572181336     0.6192985838
    0.0797146919    -0.2201188192    -0.0546156152     0.5698210303
    0.0914398267    -0.2925990850    -0.0516036733     0.5186448128
    0.1019056727    -0.3432406967    -0.0490883627     0.4770214825
    0.1078426269    -0.3642368862    -0.0478714765     0.4537313053
    0.1075827742    -0.3552922699    -0.0482816825     0.4505821109
    0.1014012195    -0.3223545624    -0.0500837652     0.4627505520
    0.0908769529    -0.2738516463    -0.0526832653     0.4825201865
    0.0779692575    -0.2173543708    -0.0554114790     0.5031081986
    0.0643004933    -0.1580012620    -0.0577109627     0.5206350989
    0.0508321238    -0.0984908172    -0.0591911865     0.5342285762
    0.0378903470    -0.0398191651    -0.0596100006     0.5451785633
    0.0253995363     0.0179211302    -0.0588376098     0.5559608342
    0.0132074319     0.0748814222    -0.0568308814     0.5694274024
    0.0014264035     0.1307311708    -0.0536353607     0.5880333521
   -0.0092452362     0.1834953081    -0.0494136733     0.6128793843
   -0.0174562198     0.2280102193    -0.0445602924     0.6426630489
   -0.0212659609     0.2544764303    -0.0396874256     0.6732143259
   -0.0194328876     0.2489093731    -0.0358906117     0.6986000124
   -0.0112263462     0.1956968933    -0.0335094470     0.7140537801
   -0.0025924795     0.0852591244    -0.0341456250     0.7192271252
    0.0000000000     0.0000000000    -0.0341456250     0.7192271252
    0.0000000000     0.0000000000    -0.0190546612     0.8069257268
    0.0023938293     0.0651416989    -0.0190546612     0.8069257268
    0.0147121664     0.1622460421    -0.0174121230     0.8054696038
    0.0329253286     0.2218445983    -0.0184394022     0.7992325099
    0.0483341925     0.2439763548    -0.0203221869     0.7875625843
    0.0598684879     0.2344813020    -0.0233223079     0.7720038594
    0.0669507538     0.2012717502    -0.0265245209     0.7547747698
    0.0707148455     0.1515207522    -0.0294055840     0.7369656807
    0.0724938953     0.0900865078    -0.0314880295     0.7173021425
    0.0739444785     0.0193219456    -0.0325468578     0.6920813714
    0.0768495305    -0.0598550658    -0.0325160367     0.6567155247
    0.0826598577    -0.1452381269    -0.0315000300     0.6089372140
    0.0913640766    -0.2300023508    -0.0298400819     0.5524049434
    0.1006675415    -0.3021400001    -0.0281776082     0.4975583667
    0.1069296512    -0.3490934267    -0.0272916360     0.4572119581
    0.1072844682    -0.3641622322    -0.0277420586     0.4394692326
    0.1009366846    -0.3489939856    -0.0295957302     0.4438960868
    0.0890238974    -0.3111461120    -0.0324521733     0.4633165386
    0.0736959030    -0.2597582099    -0.0356928291     0.4885615768
    0.0571349535    -0.2022656895    -0.0387262871     0.5124900331
    0.0409262750    -0.1431903324    -0.0411046193     0.5316075047
    0.0258747566    -0.0845294963    -0.0425293810     0.5456865715
    0.0121544710    -0.0267640687    -0.0428153082     0.5565648108
   -0.0003853003     0.0302165441    -0.0418602008     0.5669955778
   -0.0118682243     0.0864210895    -0.0396342065     0.5798016030
   -0.0220688272     0.1410570168    -0.0362043278     0.5971614635
   -0.0301289690     0.1915015696    -0.0317703400     0.6198192994
   -0.0346241740     0.2320487858    -0.0268008264     0.6463182095
   -0.0336926664     0.2529604217    -0.0219451302     0.6728288102
   -0.0267259264     0.2414622674    -0.0183772569     0.6943066701
   -0.0137701225     0.1848974930    -0.0162327495     0.7070223443
   -0.0027550000     0.0779025105    -0.0173548310     0.7111028504
    0.0000000000     0.0000000000    -0.0173548310     0.7111028504
    0.0000000000     0.0000000000     0.0033952670     0.8004270551
    0.0020386576     0.0571531848     0.0033952670     0.8004270551
    0.0138333848     0.1462567614     0.0051056153     0.8001555878
    0.0325430390     0.2043064012     0.0045102997     0.7961059368
    0.0495951795     0.2291546431     0.0033319070     0.7872604998
    0.0632282047     0.2239702078     0.0012005175     0.7745121361
    0.0721844528     0.1949210501    -0.0011233133     0.7592694835
    0.0772437744     0.1482255021    -0.0032589052     0.7418280535
    0.0797221832     0.0882595602    -0.0048248324     0.7202268188
    0.0815046747     0.0171111044    -0.0056632493     0.6903448304
    0.0845912423    -0.0641360292    -0.0057530998     0.6478822637
    0.0902847733    -0.1521678790    -0.0052389973     0.5921337084
    0.0978892513    -0.2381055764    -0.0044932247     0.5295446671
    0.1043833186    -0.3082043929    -0.0041226433     0.4732128858
    0.1061071563    -0.3499417927    -0.0047472965     0.4366757173
    0.1009254221    -0.3583197796    -0.0066732154     0.4264367423
    0.0890002903    -0.3370599036    -0.0097305681     0.4393862625
    0.0722130209    -0.2950946849    -0.0134039077     0.4661026845
    0.0530817635    -0.2419193375    -0.0170956796     0.4963534688
    0.0338256798    -0.1845377980    -0.0203118775     0.5230361651
    0.0158786450    -0.1266994181    -0.0227099371     0.5432926179
   -0.0001408823    -0.0696824968    -0.0240670496     0.5576203705
   -0.0141746187    -0.0135244707    -0.0242379583     0.5683647613
   -0.0263765906     0.0419827014    -0.0231372843     0.5784660580
   -0.0367677011     0.0966105390    -0.0207460543     0.5906319097
   -0.0449627093     0.1490595308    -0.0171562773     0.6067200073
   -0.0499582771     0.1961047617    -0.0126113693     0.6271320549
   -0.0503433962     0.2316765261    -0.0076511035     0.6503177588
   -0.0445033072     0.2464341479    -0.0029516913     0.6728482754
   -0.0325960525     0.2292535624     0.0002814865     0.6905635419
   -0.0155390178     0.1707524605     0.0021142512     0.7006805314
   -0.0027684493     0.0694711466     0.0005816898     0.7037050933
    0.0000000000     0.0000000000     0.0005816898     0.7037050933
    0.0000000000     0.0000000000     0.0264813736     0.7925479272
    0.0016828534     0.0499245623     0.0264813736     0.7925479272
    0.0124341620     0.1308344954     0.0281335880     0.7935384518
    0.0304474562     0.1863921486     0.0278583543     0.7916051767
    0.0478475801     0.2131042090     0.0272329119     0.7852834782
    0.0624800708     0.2119348275     0.0258409322     0.7748418864
    0.0725980365     0.1872415358     0.0242900541     0.7609046796
    0.0786394903     0.1440038381     0.0228277698     0.7429450248
    0.0818661416     0.0858345790     0.0217343119     0.7183094124
    0.0842891520     0.0144676557     0.0211006822     0.6826402695
    0.0879154322    -0.0686098411     0.0209053711     0.6324121773
    0.0935957858    -0.1585106454     0.0209667790     0.5691127728
    0.0997967303    -0.2441127815     0.0208907372     0.5022231952
    0.1030169533    -0.3104226718     0.0201255458     0.4469428450
    0.1000056455    -0.3457228929     0.0182227099     0.4165187037
    0.0895869601    -0.3471145427     0.0151147057     0.4151359892
    0.0728346861    -0.3202895914     0.0111620204     0.4369054498
    0.0521754678    -0.2751983896     0.0069416805     0.4704960016
    0.0302756256    -0.2213296247     0.0029971105     0.5050707923
    0.0092314589    -0.1650246949    -0.0002795136     0.5339160220
   -0.0097425202    -0.1091922635    -0.0026363212     0.5549648444
   -0.0262004084    -0.0544473234    -0.0039067077     0.5694300659
   -0.0401370589    -0.0004977053    -0.0039711031     0.5800688735
   -0.0516347595     0.0528484914    -0.0027551629     0.5898991985
   -0.0605555446     0.1050539018    -0.0002529715     0.6014390712
   -0.0663408766     0.1543172923     0.0034130642     0.6162109413
   -0.0678935699     0.1969262267     0.0079523302     0.6343221336
   -0.0639282805     0.2266922253     0.0127650057     0.6542082330
   -0.0532426917     0.2350277379     0.0171681897     0.6728866644
   -0.0368466668     0.2128097281     0.0199780765     0.6870328655
   -0.0165299140     0.1539941678     0.0214503552     0.6946794301
   -0.0026608434     0.0604100768     0.0196015637     0.6966336229
    0.0000000000     0.0000000000     0.0196015637     0.6966336229
    0.0000000000     0.0000000000     0.0499516596     0.7824956965
    0.0013622154     0.0436142994     0.0499516596     0.7824956965
    0.0108184381     0.1166774462     0.0514653857     0.7848431157
    0.0273488223     0.1691897589     0.0513966583     0.7850047206
    0.0440873383     0.1969536095     0.0511528750     0.7809497734
    0.0587824909     0.1992599823     0.0503171625     0.7723032818
    0.0694345153     0.1787397472     0.0493632135     0.7589208796
    0.0762149672     0.1389678173     0.0484280139     0.7394751239
    0.0803020251     0.0826075758     0.0477003229     0.7107318280
    0.0836718379     0.0110663971     0.0472159503     0.6684354278
    0.0880445568    -0.0734299663     0.0469217141     0.6103994994
    0.0935317748    -0.1640457478     0.0466071206     0.5407603651
    0.0978007306    -0.2475645597     0.0458661722     0.4718506330
    0.0972851255    -0.3084923945     0.0442094749     0.4200824991
    0.0895268406    -0.3365917123     0.0413476698     0.3974848965
    0.0743904387    -0.3311858409     0.0374123029     0.4055572192
    0.0537075982    -0.2996368041     0.0328981701     0.4358360294
    0.0302164878    -0.2524993960     0.0283983166     0.4755530692
    0.0065293362    -0.1989382095     0.0243855682     0.5137091571
   -0.0154952317    -0.1444906512     0.0211596868     0.5442303104
   -0.0348823919    -0.0912444837     0.0189022337     0.5658855812
   -0.0513127340    -0.0392646604     0.0177416151     0.5805146025
   -0.0647631784     0.0119379726     0.0177810077     0.5911559712
   -0.0751838284     0.0624400398     0.0190841631     0.6007979288
   -0.0822532726     0.1113628939     0.0216386429     0.6117182796
   -0.0852657307     0.1564651345     0.0252871245     0.6251209750
   -0.0831156797     0.1937223827     0.0296941832     0.6408895995
   -0.0747685019     0.2171130521     0.0342204611     0.6575240163
   -0.0595728372     0.2191350370     0.0382041465     0.6725040741
   -0.0394006062     0.1928803821     0.0405336820     0.6832503179
   -0.0168028761     0.1354430391     0.0416310207     0.6884694038
   -0.0024678291     0.0511340062     0.0395708592     0.6892504453
    0.0000000000     0.0000000000     0.0395708592     0.6892504453
    0.0000000000     0.0000000000     0.0735640913     0.7693802907
    0.0010936827     0.0382398004     0.0735640913     0.7693802907
    0.0092233828     0.1041380040     0.0749030360     0.7731803163
    0.0239032413     0.1533982150     0.0749436484     0.7754449234
    0.0393623023     0.1815275896     0.0749176925     0.7734400067
    0.0534894607     0.1866289720     0.0744325539     0.7660934575
    0.0642600074     0.1697871038     0.0738550009     0.7525101444
    0.0716751471     0.1331414585     0.0732437503     0.7306565042
    0.0767777976     0.0783694089     0.0727219336     0.6969629658
    0.0812887520     0.0067250071     0.0722962357     0.6477254942
    0.0863288552    -0.0784648256     0.0719024213     0.5825945690
    0.0911170610    -0.1682793067     0.0713130490     0.5084710719
    0.0927818590    -0.2479210432     0.0701149830     0.4399405627
    0.0881587383    -0.3022332669     0.0678692545     0.3936529471
    0.0758268755    -0.3228953147     0.0644108821     0.3797902959
    0.0566326559    -0.3113113471     0.0600158606     0.3971684864
    0.0329546324    -0.2760900265     0.0552581695     0.4351704616
    0.0076169877    -0.2279825301     0.0507160169     0.4800992858
   -0.0169826017    -0.1755880822     0.0467913551     0.5211551584
   -0.0392888533    -0.1235935519     0.0437098908     0.5530341944
   -0.0585503103    -0.0733596219     0.0416037210     0.5752833216
   -0.0745149836    -0.0245483494     0.0405763591     0.5902238351
   -0.0870820469     0.0233986592     0.0407179816     0.6010331774
   -0.0960382679     0.0703757398     0.0420779291     0.6105793970
   -0.1008926083     0.1151785552     0.0446194059     0.6208778218
   -0.1008553008     0.1552402816     0.0481493788     0.6328548285
   -0.0949198651     0.1864426716     0.0522977903     0.6462470550
   -0.0824189532     0.2032216972     0.0564143111     0.6596774198
   -0.0633361283     0.1994223307     0.0598885600     0.6710671518
   -0.0403216127     0.1703933965     0.0617212491     0.6784680866
   -0.0164726582     0.1159386268     0.0624642402     0.6811518879
   -0.0022269312     0.0419950452     0.0602978682     0.6805558510
    0.0000000000     0.0000000000     0.0602978682     0.6805558510
    0.0000000000     0.0000000000     0.0970841659     0.7522253385
    0.0008840325     0.0337158365     0.0970841659     0.7522253385
    0.0078264860     0.0932600089     0.0982497679     0.7575604563
    0.0206708099     0.1392991046     0.0983282429     0.7619454203
    0.0346624614     0.1672497582     0.0983831284     0.7618102182
    0.0479806241     0.1744050439     0.0980502246     0.7553236851
    0.0587436305     0.1605353708     0.0976169877     0.7408822697
    0.0668488437     0.1264533493     0.0971001658     0.7159239008
    0.0731071823     0.0729852357     0.0965959797     0.6768898963
    0.0787385823     0.0015177841     0.0961200407     0.6210787978
    0.0840301425    -0.0832529757     0.0956243484     0.5502557118
    0.0873649330    -0.1705170826     0.0948769735     0.4738123913
    0.0857429940    -0.2446679244     0.0934528886     0.4077543986
    0.0767870443    -0.2916192096     0.0909357256     0.3681592189
    0.0601934071    -0.3051169828     0.0872366840     0.3631054858
    0.0376446606    -0.2883113011     0.0827176375     0.3890116061
    0.0118518969    -0.2505859243     0.0779865032     0.4336321201
   -0.0144607196    -0.2025257464     0.0735918559     0.4828144798
   -0.0392198811    -0.1520096043     0.0698762236     0.5262120025
   -0.0611985378    -0.1029111925     0.0670126510     0.5593051242
   -0.0798344060    -0.0560090319     0.0651009493     0.5822802479
   -0.0948917066    -0.0107185867     0.0642269095     0.5977631455
   -0.1061593725     0.0334836452     0.0644659593     0.6089326112
   -0.1132666921     0.0762843803     0.0658470621     0.6184689498
   -0.1156034768     0.1162164209     0.0683049270     0.6281263474
   -0.1123850289     0.1505423637     0.0716156182     0.6386050898
   -0.1028130351     0.1752829862     0.0753920371     0.6495603850
   -0.0866700215     0.1855864332     0.0790055239     0.6597664372
   -0.0645814672     0.1767942340     0.0819236916     0.6675374949
   -0.0397980394     0.1463740933     0.0832833711     0.6714578907
   -0.0156834414     0.0962652676     0.0837202603     0.6713330732
   -0.0019709548     0.0332616219     0.0815436096     0.6690928261
    0.0000000000     0.0000000000     0.0815436096     0.6690928261
    0.0000000000     0.0000000000     0.1202775386     0.7299695483
    0.0007359878     0.0298827525     0.1202775386     0.7299695483
    0.0067562843     0.0838323186     0.1213003783     0.7368974272
    0.0180949815     0.1267834552     0.1213729350     0.7434168651
    0.0308313428     0.1541207765     0.1214090656     0.7450176684
    0.0434905927     0.1625899513     0.1210613323     0.7390678850
    0.0544072309     0.1509034381     0.1205619516     0.7233382761
    0.0633773073     0.1187815128     0.1199205070     0.6949794890
    0.0708443082     0.0664761098     0.1192505537     0.6508125142
    0.0773197313    -0.0041850060     0.1186187348     0.5894662487
    0.0821805824    -0.0870763242     0.1180209598     0.5148003092
    0.0832242269    -0.1700066406     0.1172301818     0.4381322412
    0.0777470165    -0.2374040825     0.1157971523     0.3760557701
    0.0643864794    -0.2767589783     0.1132942473     0.3435589188
    0.0439102008    -0.2837903063     0.1096587523     0.3466688156
    0.0186666574    -0.2629546646     0.1052860326     0.3798552958
   -0.0084790933    -0.2239446924     0.1007862993     0.4297934692
   -0.0350343718    -0.1768773438     0.0966763411     0.4822818554
   -0.0593122098    -0.1288336760     0.0932560423     0.5275763416
   -0.0804131005    -0.0829729148     0.0906649854     0.5618629296
   -0.0979320816    -0.0396611186     0.0889818576     0.5857765599
   -0.1116233797     0.0017880335     0.0882759982     0.6020590695
   -0.1211694246     0.0417929887     0.0886029755     0.6137666805
   -0.1260840821     0.0798490128     0.0899655558     0.6233441724
   -0.1257150578     0.1143256588     0.0922694426     0.6322979324
   -0.1193794278     0.1424881604     0.0952702495     0.6411492340
   -0.1065748960     0.1607111301     0.0985860533     0.6495160228
   -0.0875614039     0.1650356285     0.1016411542     0.6563281488
   -0.0635299617     0.1523148574     0.1039988781     0.6602498886
   -0.0380851539     0.1218477290     0.1049395233     0.6603628154
   -0.0145729122     0.0770953655     0.1051329986     0.6570713428
   -0.0017222464     0.0251162121     0.1030268800     0.6529576988
    0.0000000000     0.0000000000     0.1030268800     0.6529576988
    0.0000000000     0.0000000000     0.1429014869     0.7014595894
    0.0006494734     0.0265280789     0.1429014869     0.7014595894
    0.0060915501     0.0754507797     0.1438312169     0.7099955270
    0.0164758654     0.1154212649     0.1438794736     0.7186483970
    0.0284784438     0.1417702587     0.1438382304     0.7219162023
    0.0409403816     0.1508671125     0.1433563929     0.7163641884
    0.0523823978     0.1406341373     0.1426298778     0.6992557088
    0.0624352287     0.1100214933     0.1416894610     0.6677093098
    0.0710360630     0.0590497583     0.1407061372     0.6192260121
    0.0778782683    -0.0097876513     0.1398334229     0.5538939092
    0.0815256144    -0.0891248812     0.1391326878     0.4773867264
    0.0795345309    -0.1660871076     0.1383868990     0.4022695223
    0.0698217449    -0.2258859045     0.1371101070     0.3450503621
    0.0521123816    -0.2578505855     0.1348353086     0.3193800568
    0.0281370232    -0.2594245748     0.1314846150     0.3294694257
    0.0007595926    -0.2358994429     0.1274470968     0.3683555715
   -0.0271253596    -0.1968434768     0.1233159833     0.4221693838
   -0.0533311689    -0.1516622414     0.1195805821     0.4770031090
   -0.0765798041    -0.1066184004     0.1165139850     0.5237849802
   -0.0962883168    -0.0642883692     0.1142358266     0.5592675092
   -0.1121950965    -0.0247955495     0.1128083270     0.5843181668
   -0.1240526221     0.0125281301     0.1122811746     0.6016092201
   -0.1314772531     0.0479606326     0.1126837117     0.6139639633
   -0.1339373404     0.0808539775     0.1139885579     0.6235541922
   -0.1308265766     0.1095326667     0.1160758653     0.6316513009
   -0.1216483739     0.1314299032     0.1186950173     0.6386322567
   -0.1062447365     0.1434400406     0.1214919053     0.6441065976
   -0.0853180002     0.1425799539     0.1239690045     0.6471680018
   -0.0604811582     0.1271012738     0.1257925770     0.6468371523
   -0.0354228393     0.0977561771     0.1263819531     0.6427489043
   -0.0132375384     0.0589697178     0.1263950376     0.6360312757
   -0.0014893418     0.0176735945     0.1244245440     0.6299926120
    0.0000000000     0.0000000000     0.1244245440     0.6299926120
    0.0000000000     0.0000000000     0.1646996097     0.6654540606
    0.0006182402     0.0234165116     0.1646996097     0.6654540606
    0.0058463035     0.0676021351     0.1655944306     0.6755338971
    0.0159296550     0.1045777427     0.1656218604     0.6862697788
    0.0278920473     0.1295799293     0.1654847244     0.6911959757
    0.0407938196     0.1387189469     0.1648058869     0.6861203178
    0.0532286330     0.1293944663     0.1637579516     0.6679287009
    0.0645568748     0.1001375534     0.1624108498     0.6339185914
    0.0741086569     0.0510556194     0.1610201662     0.5824429559
    0.0807694728    -0.0146205203     0.1598477146     0.5149834871
    0.0825054707    -0.0886778066     0.1590319148     0.4385997623
    0.0769571430    -0.1582929610     0.1583688931     0.3664581193
    0.0628425837    -0.2100318292     0.1573322228     0.3144869546
    0.0409425053    -0.2351379782     0.1554026499     0.2949124073
    0.0138280459    -0.2324607615     0.1524622658     0.3104367579
   -0.0152353076    -0.2076679758     0.1488685158     0.3531953799
   -0.0433932459    -0.1698137878     0.1451861692     0.4092902678
   -0.0687876048    -0.1273950971     0.1418811134     0.4654065673
   -0.0905405533    -0.0858659464     0.1392097830     0.5131701073
   -0.1083735047    -0.0473552246     0.1372781240     0.5497372332
   -0.1221781114    -0.0118934347     0.1361308839     0.5759924927
   -0.1317475726     0.0210793777     0.1357922942     0.5943649718
   -0.1367024048     0.0516924717     0.1362595626     0.6073443304
   -0.1365508641     0.0792185932     0.1374737742     0.6167927831
   -0.1308163661     0.1020519792     0.1392959251     0.6237525355
   -0.1192468138     0.1179266603     0.1414842805     0.6284833460
   -0.1020312549     0.1243533938     0.1437318100     0.6306214808
   -0.0802278850     0.1193072645     0.1456361399     0.6294707876
   -0.0556956749     0.1022285636     0.1469652516     0.6244877531
   -0.0319610964     0.0749208571     0.1472684342     0.6159815613
   -0.0117105890     0.0423227847     0.1471538396     0.6058987741
   -0.0012662996     0.0110156177     0.1453722373     0.5981741379
    0.0000000000     0.0000000000     0.1453722373     0.5981741379
    0.0000000000     0.0000000000     0.1853919551     0.6206785895
    0.0006279577     0.0203247100     0.1853919551     0.6206785895
    0.0059589291     0.0597567881     0.1863065077     0.6320931664
    0.0163600259     0.0935465615     0.1863331546     0.6447316720
    0.0289849227     0.1168292026     0.1861161551     0.6513036534
    0.0429800578     0.1255552070     0.1852334407     0.6469574454
    0.0568551901     0.1168540706     0.1838404434     0.6283196882
    0.0695896933     0.0891554415     0.1820514946     0.5929966165
    0.0798665102     0.0428761971     0.1802156576     0.5402276680
    0.0858690610    -0.0181066199     0.1787063882     0.4726865346
    0.0852169462    -0.0852357391     0.1777401857     0.3983463449
    0.0758719683    -0.1464014182     0.1771313030     0.3304075449
    0.0574132703    -0.1899156290     0.1763240456     0.2838347333
    0.0315906452    -0.2088973474     0.1747548035     0.2693946005
    0.0016960811    -0.2032695607     0.1722604442     0.2885967387
   -0.0286881135    -0.1786552012     0.1691538394     0.3332003532
   -0.0567748919    -0.1432531024     0.1659617952     0.3897790186
   -0.0810137621    -0.1044884687     0.1631250899     0.4458906414
   -0.1008911676    -0.0670219363     0.1608852631     0.4938765728
   -0.1164185956    -0.0326476391     0.1593338152     0.5311483330
   -0.1276685733    -0.0014175882     0.1584931606     0.5584186485
   -0.1345414513     0.0270608214     0.1583556588     0.5777225787
   -0.1367497364     0.0527759214     0.1588821914     0.5911252220
   -0.1339303370     0.0749830237     0.1599834389     0.6001411040
   -0.1258059724     0.0922374069     0.1615090189     0.6055849937
   -0.1123974447     0.1026575579     0.1632394826     0.6076319403
   -0.0942070088     0.1043929016     0.1649285772     0.6060064240
   -0.0725362275     0.0962755112     0.1662781088     0.6003173807
   -0.0493205294     0.0786705633     0.1671517229     0.5905814119
   -0.0277316691     0.0540547326     0.1672207348     0.5778860679
   -0.0099622277     0.0275373436     0.1670160795     0.5649675772
   -0.0010347099     0.0052314407     0.1654704509     0.5561023936
    0.0000000000     0.0000000000     0.1654704509     0.5561023936
    0.0000000000     0.0000000000     0.2046748424     0.5659808332
    0.0006565884     0.0170938626     0.2046748424     0.5659808332
    0.0062964149     0.0514938947     0.2056505712     0.5782929259
    0.0174677495     0.0817254105     0.2057071421     0.5923977154
    0.0313080350     0.1028844387     0.2054509971     0.6004617442
    0.0469163695     0.1108709012     0.2044028519     0.5971406021
    0.0625630807     0.1027688534     0.2026994096     0.5789085625
    0.0767569702     0.0771475002     0.2004923181     0.5437295799
    0.0875502098     0.0348312082     0.1982148814     0.4916532327
    0.0925779131    -0.0198740984     0.1963392047     0.4262632310
    0.0893387795    -0.0785897738     0.1951529133     0.3559687530
    0.0762599549    -0.1304616528     0.1944985898     0.2934839915
    0.0537650452    -0.1657966855     0.1938195892     0.2524556684
    0.0244562457    -0.1794875763     0.1925372719     0.2421495102
   -0.0077818836    -0.1722128674     0.1904560923     0.2631805490
   -0.0391299439    -0.1491828875     0.1878392684     0.3074408993
   -0.0668737166    -0.1174569573     0.1851630577     0.3624611018
   -0.0897181688    -0.0832555952     0.1828324400     0.4169486063
   -0.1074511972    -0.0504503088     0.1810668079     0.4640019122
   -0.1203471484    -0.0205722280     0.1799367722     0.5011880536
   -0.1286865453     0.0062364874     0.1794357134     0.5289140160
   -0.1325475603     0.0301716382     0.1795187056     0.5487113079
   -0.1318238681     0.0510947512     0.1801084561     0.5621506978
   -0.1263631050     0.0682893698     0.1810883801     0.5703679747
   -0.1161407244     0.0805264677     0.1823044721     0.5739567084
   -0.1014570737     0.0863377310     0.1835697510     0.5730516105
   -0.0830767499     0.0844680947     0.1847064745     0.5675472003
   -0.0624352925     0.0744492549     0.1855232485     0.5574644211
   -0.0414095706     0.0572901859     0.1859715378     0.5434707492
   -0.0226850547     0.0358044914     0.1858404123     0.5274241643
   -0.0079225560     0.0150015447     0.1855664076     0.5126574845
   -0.0007673128     0.0004521503     0.1842999519     0.5033993323
    0.0000000000     0.0000000000     0.1842999519     0.5033993323
    0.0000000000     0.0000000000     0.2222006597     0.5006112797
    0.0006848306     0.0136360059     0.2222006597     0.5006112797
    0.0066898298     0.0425504462     0.2232508824     0.5130980536
    0.0188121308     0.0686998419     0.2233648826     0.5278570738
    0.0341325097     0.0872865017     0.2231162261     0.5369524242
    0.0516022635     0.0943017580     0.2219662206     0.5348114909
    0.0691382189     0.0869808987     0.2200245974     0.5178833091
    0.0847268291     0.0641821558     0.2174637582     0.4844890538
    0.0958476016     0.0271138555     0.2147768751     0.4353324430
    0.0997525445    -0.0197886248     0.2125085084     0.3745620520
    0.0940035143    -0.0688173619     0.2110047315     0.3105225156
    0.0775741064    -0.1107928700     0.2101524701     0.2549218218
    0.0516719431    -0.1381514101     0.2094371452     0.2197297952
    0.0196005967    -0.1474116776     0.2083113297     0.2126531654
   -0.0143277201    -0.1397119309     0.2065720705     0.2336854368
   -0.0461638598    -0.1195496065     0.2044307175     0.2753279373
   -0.0732783585    -0.0926340528     0.2022949216     0.3265240565
   -0.0945651338    -0.0638867734     0.2005143402     0.3774045960
   -0.1100253721    -0.0363809046     0.1992718792     0.4219065644
   -0.1201415233    -0.0114071516     0.1986079654     0.4577266924
   -0.1254034387     0.0107863622     0.1984812597     0.4849139978
   -0.1261148370     0.0302020624     0.1988072740     0.5044537005
   -0.1224196025     0.0465942715     0.1994720828     0.5173962871
   -0.1144400587     0.0593010583     0.2003369636     0.5244919988
   -0.1024417595     0.0673252120     0.2012513214     0.5261306289
   -0.0870005990     0.0695902196     0.2020668216     0.5224511201
   -0.0690947969     0.0653433894     0.2026758001     0.5135804011
   -0.0502085145     0.0546269836     0.2029900300     0.4999985262
   -0.0320708516     0.0388149321     0.2030393353     0.4829947875
   -0.0168059032     0.0207586915     0.2027280177     0.4650260899
   -0.0055353241     0.0051250158     0.2023908669     0.4496985758
   -0.0004368073    -0.0031358750     0.2014393824     0.4408243132
    0.0000000000     0.0000000000     0.2014393824     0.4408243132
    0.0000000000     0.0000000000     0.2376275830     0.4245901258
    0.0006873326     0.0099995069     0.2376275830     0.4245901258
    0.0069316975     0.0329747977     0.2387370337     0.4362784812
    0.0198423179     0.0544679413     0.2389274845     0.4504911388
    0.0365187856     0.0700134484     0.2387237326     0.4597616496
    0.0557148209     0.0758773214     0.2375343368     0.4586710255
    0.0749438295     0.0696201112     0.2354281115     0.4438326599
    0.0916637340     0.0504576581     0.2325772812     0.4139150289
    0.1028739827     0.0198640998     0.2295031586     0.3700593054
    0.1056163552    -0.0179353123     0.2267921603     0.3165628402
    0.0976815546    -0.0563369521     0.2248376999     0.2611620751
    0.0786435956    -0.0881305504     0.2235952118     0.2140347285
    0.0503979301    -0.1079004849     0.2226453120     0.1851303585
    0.0167411446    -0.1135882001     0.2215254473     0.1805433265
   -0.0178218422    -0.1065178471     0.2200528787     0.1998898630
   -0.0493797511    -0.0902579327     0.2183827060     0.2366969784
   -0.0754353026    -0.0690567547     0.2168302572     0.2817159377
   -0.0950123293    -0.0465049788     0.2156635181     0.3267516025
   -0.1082198367    -0.0248716506     0.2150096130     0.3666945072
   -0.1156569498    -0.0051904628     0.2148683111     0.3994235248
   -0.1179754577     0.0122178249     0.2151600448     0.4246719058
   -0.1157007137     0.0272001913     0.2157621341     0.4429224643
   -0.1092496944     0.0394337698     0.2165287084     0.4547460553
   -0.0990480127     0.0483247110     0.2173052226     0.4605423004
   -0.0856667881     0.0530941065     0.2179499740     0.4605276588
   -0.0699472211     0.0529993297     0.2183551326     0.4548673035
   -0.0530440189     0.0476664149     0.2184790881     0.4439144428
   -0.0364363324     0.0374489224     0.2183276435     0.4285340647
   -0.0216601963     0.0238215874     0.2179988567     0.4104475286
   -0.0102557975     0.0094063495     0.2175096431     0.3923926919
   -0.0028255238    -0.0017137266     0.2170981216     0.3778737026
   -0.0000288671    -0.0053183725     0.2164772417     0.3700369063
    0.0000000000     0.0000000000     0.2164772417     0.3700369063
    0.0000000000     0.0000000000     0.2505605078     0.3390184224
    0.0006403803     0.0062586196     0.2505605078     0.3390184224
    0.0067886969     0.0229503049     0.2516561211     0.3488640836
    0.0199009428     0.0392290925     0.2519046760     0.3611329163
    0.0372954482     0.0512493159     0.2517425718     0.3694391147
    0.0575314190     0.0557967274     0.2505487455     0.3689867065
    0.0777554449     0.0509248876     0.2483392594     0.3568146023
    0.0949652790     0.0362091325     0.2452666909     0.3319424513
    0.1058366320     0.0131848424     0.2418448369     0.2956902109
    0.1074140142    -0.0145096256     0.2386676758     0.2520341296
    0.0978939504    -0.0417514286     0.2361635192     0.2075478840
    0.0774818512    -0.0634624495     0.2343792195     0.1704036634
    0.0486010193    -0.0762552261     0.2330377671     0.1482596270
    0.0152378360    -0.0792126683     0.2318054655     0.1455824644
   -0.0182444862    -0.0735891745     0.2305402180     0.1618219081
   -0.0482231311    -0.0619068089     0.2293357022     0.1918516464
   -0.0724392250    -0.0469638118     0.2283946547     0.2285203598
   -0.0900196322    -0.0310751411     0.2278808328     0.2654975146
   -0.1010775782    -0.0157269460     0.2278495963     0.2987479070
   -0.1062071640    -0.0016588784     0.2282537933     0.3264411217
   -0.1061175971     0.0108090176     0.2289777770     0.3481162337
   -0.1014800477     0.0214437073     0.2298680890     0.3638791928
   -0.0929346271     0.0298988286     0.2307563544     0.3739322096
   -0.0811763334     0.0356686158     0.2314805872     0.3784067258
   -0.0670522733     0.0381702965     0.2319121542     0.3773886970
   -0.0516349709     0.0369206516     0.2319808348     0.3710573714
   -0.0362161684     0.0317867479     0.2317002547     0.3599005954
   -0.0222358272     0.0232338025     0.2311527815     0.3449687926
   -0.0110229017     0.0125883407     0.2304899889     0.3280962253
   -0.0035658624     0.0019997511     0.2298307427     0.3119074528
   -0.0000055597    -0.0052793789     0.2293324561     0.2994528234
    0.0004304041    -0.0059091420     0.2290226605     0.2931105538
    0.0000000000     0.0000000000     0.2290226605     0.2931105538
    0.0000000000     0.0000000000     0.2608013000     0.2461180264
    0.0004327307     0.0028619564     0.2608013000     0.2461180264
    0.0058047031     0.0133920247     0.2618225127     0.2532971401
    0.0179997633     0.0241950464     0.2621435225     0.2624162052
    0.0348237372     0.0323694785     0.2620258573     0.2686818725
    0.0546956446     0.0354808043     0.2608304373     0.2683817466
    0.0745352824     0.0322000255     0.2585037514     0.2592565709
    0.0910615602     0.0224014274     0.2551669355     0.2406832663
    0.1008883782     0.0074312000     0.2513081599     0.2138898923
    0.1013470813    -0.0100016514     0.2475221009     0.1820754392
    0.0912285045    -0.0264842654     0.2442886723     0.1501768582
    0.0713421566    -0.0390122821     0.2417849018     0.1240272368
    0.0443709174    -0.0459047134     0.2399163513     0.1088694180
    0.0140709218    -0.0470084186     0.2384998896     0.1076071487
   -0.0157651041    -0.0432904142     0.2374340223     0.1196980891
   -0.0421237445    -0.0362442661     0.2367372085     0.1415466741
   -0.0631502780    -0.0273915895     0.2364798718     0.1682290637
   -0.0781000859    -0.0179567167     0.2367013879     0.1953635271
   -0.0870203622    -0.0087383794     0.2373700601     0.2200767009
   -0.0903784385    -0.0001718885     0.2383851581     0.2409539853
   -0.0887988812     0.0074983645     0.2395968326     0.2575002198
   -0.0829552792     0.0140483737     0.2408279320     0.2696148078
   -0.0735767700     0.0191771616     0.2418956083     0.2772851288
   -0.0615074394     0.0224982299     0.2426356251     0.2804885520
   -0.0477641770     0.0236091928     0.2429320011     0.2792326217
   -0.0335587642     0.0222180431     0.2427443904     0.2736768405
   -0.0202443975     0.0183100513     0.2421282835     0.2643012405
   -0.0091777810     0.0122955275     0.2412253481     0.2520809435
   -0.0014759369     0.0051583494     0.2402337023     0.2386051511
    0.0023384041    -0.0015994881     0.2393665915     0.2260062354
    0.0024811416    -0.0057483781     0.2387404490     0.2166033299
    0.0008510346    -0.0049591537     0.2386681120     0.2120149264
    0.0000000000     0.0000000000     0.2386681120     0.2120149264
    0.0000000000     0.0000000000     0.2678919933     0.1487850635
    0.0000413927     0.0001356712     0.2678919933     0.1487850635
    0.0037026150     0.0048820816     0.2686890704     0.1529594092
    0.0131730802     0.0100599525     0.2689961744     0.1583275711
    0.0270285822     0.0140918727     0.2688343008     0.1619790194
    0.0437482091     0.0156530913     0.2675920978     0.1616039715
    0.0604382092     0.0141321363     0.2651608761     0.1558285085
    0.0740298084     0.0095708841     0.2616323782     0.1443565144
    0.0815930169     0.0027980122     0.2574509917     0.1280832310
    0.0811501589    -0.0047557070     0.2531894908     0.1090851705
    0.0722161377    -0.0115066217     0.2493619029     0.0903750433
    0.0559747014    -0.0162813196     0.2462603195     0.0753379599
    0.0348541304    -0.0186236384     0.2439523253     0.0668820685
    0.0117695168    -0.0187071163     0.2423836719     0.0665251933
   -0.0105871949    -0.0170402241     0.2414846815     0.0738715976
   -0.0301769233    -0.0142109635     0.2412085343     0.0868765140
   -0.0457501334    -0.0107470609     0.2415133237     0.1027774135
   -0.0567652182    -0.0070520485     0.2423322680     0.1190857317
   -0.0631864499    -0.0033891435     0.2435593407     0.1341121504
   -0.0652691060     0.0000873465     0.2450508237     0.1469608440
   -0.0634147852     0.0032687470     0.2466347056     0.1572528209
   -0.0581209708     0.0060310926     0.2481238291     0.1648432030
   -0.0499990073     0.0082035017     0.2493336639     0.1696518788
   -0.0398180587     0.0095745161     0.2501059879     0.1716124674
   -0.0285343523     0.0099341099     0.2503379908     0.1707047321
   -0.0172760702     0.0091405203     0.2500093908     0.1670366228
   -0.0072598186     0.0072016357     0.2491987406     0.1609501203
    0.0003779391     0.0043374927     0.2480787491     0.1531196109
    0.0047872357     0.0010362477     0.2468724640     0.1446017537
    0.0057841599    -0.0019740042     0.2458516374     0.1367595631
    0.0037554411    -0.0036180136     0.2451205372     0.1310102430
    0.0010226288    -0.0026808952     0.2451555264     0.1282730922
    0.0000000000     0.0000000000     0.2451555264     0.1282730922
    0.0000000000     0.0000000000     0.2720055915     0.0496972424
   -0.0006154413    -0.0005458556     0.2720055915     0.0496972424
    0.0001315232     0.0004084049     0.2729221411     0.0510299681
    0.0043238798     0.0015496889     0.2736741991     0.0527513614
    0.0113676634     0.0024725708     0.2738181529     0.0538894659
    0.0202767737     0.0028457847     0.2726384365     0.0536599771
    0.0292461963     0.0025600491     0.2699111133     0.0516103333
    0.0364111511     0.0016593202     0.2657218317     0.0476770633
    0.0401410544     0.0003779712     0.2605705205     0.0422156668
    0.0395592554    -0.0009450388     0.2551633570     0.0359660202
    0.0347515004    -0.0019990388     0.2502012795     0.0299339564
    0.0266560524    -0.0026229646     0.2461775620     0.0251879498
    0.0166483716    -0.0028247595     0.2433167409     0.0226001329
    0.0061028245    -0.0027096414     0.2416312007     0.0225962048
   -0.0038721859    -0.0023950992     0.2410182010     0.0250279349
   -0.0125093430    -0.0019692771     0.2413275700     0.0292629685
   -0.0193555195    -0.0014884873     0.2423900816     0.0344536910
   -0.0242060896    -0.0009860685     0.2440259404     0.0398230126
   -0.0270255459    -0.0004794948     0.2460479257     0.0448233971
   -0.0278759850     0.0000218736     0.2482617004     0.0491450507
   -0.0268771522     0.0005063802     0.2504646908     0.0526401845
   -0.0242062462     0.0009505192     0.2524484329     0.0552391132
   -0.0201255412     0.0013148799     0.2540099080     0.0568974986
   -0.0150162238     0.0015478708     0.2549740497     0.0575804771
   -0.0093953582     0.0015974000     0.2552255985     0.0572748734
   -0.0038976873     0.0014276667     0.2547421707     0.0560184323
    0.0007881239     0.0010377379     0.2536174507     0.0539358902
    0.0040369420     0.0004729847     0.2520652680     0.0512694638
    0.0054053337    -0.0001670716     0.2503805880     0.0483891145
    0.0048746657    -0.0007300242     0.2489349601     0.0457593165
    0.0027218640    -0.0009838385     0.2479470646     0.0438481521
    0.0006364807    -0.0006151214     0.2479337505     0.0429474006
    0.0000000000     0.0000000000     0.2479337505     0.0429474006
    0.0000000000     0.0000000000     0.0000000000     0.0000000000
    0.0000000000     0.0000000000     0.2720055915     0.0000000000
    0.0000000000     0.0000000000     0.2729221411     0.0000000000
    0.0000000000     0.0000000000     0.2736741991     0.0000000000
    0.0000000000     0.0000000000     0.2738181529     0.0000000000
    0.0000000000     0.0000000000     0.2726384365     0.0000000000
    0.0000000000     0.0000000000     0.2699111133     0.0000000000
    0.0000000000     0.0000000000     0.2657218317     0.0000000000
    0.0000000000     0.0000000000     0.2605705205     0.0000000000
    0.0000000000     0.0000000000     0.2551633570     0.0000000000
    0.0000000000     0.0000000000     0.2502012795     0.0000000000
    0.0000000000     0.0000000000     0.2461775620     0.0000000000
    0.0000000000     0.0000000000     0.2433167409     0.0000000000
    0.0000000000     0.0000000000     0.2416312007     0.0000000000
    0.0000000000     0.0000000000     0.2410182010     0.0000000000
    0.0000000000     0.0000000000     0.2413275700     0.0000000000
    0.0000000000     0.0000000000     0.2423900816     0.0000000000
    0.0000000000     0.0000000000     0.2440259404     0.0000000000
    0.0000000000     0.0000000000     0.2460479257     0.0000000000
    0.0000000000     0.0000000000     0.2482617004     0.0000000000
    0.0000000000     0.0000000000     0.2504646908     0.0000000000
    0.0000000000     0.0000000000     0.2524484329     0.0000000000
    0.0000000000     0.0000000000     0.2540099080     0.0000000000
    0.0000000000     0.0000000000     0.2549740497     0.0000000000
    0.0000000000     0.0000000000     0.2552255985     0.0000000000
    0.0000000000     0.0000000000     0.2547421707     0.0000000000
    0.0000000000     0.0000000000     0.2536174507     0.0000000000
    0.0000000000     0.0000000000     0.2520652680     0.0000000000
    0.0000000000     0.0000000000     0.2503805880     0.0000000000
    0.0000000000     0.0000000000     0.2489349601     0.0000000000
    0.0000000000     0.0000000000     0.2479470646     0.0000000000
    0.0000000000     0.0000000000     0.2479337505     0.0000000000
    0.0000000000     0.0000000000     0.0000000000     0.0000000000
