actuator_unsteady 200 80 1.000e+02
residual and conservation information
n            dt               t                res              maxdiv           umom             vmom             k
1            6.28318531e-02   0.00000000e+00   3.23322199e-03   0.00000000e+00   4.00000000e+01   0.00000000e+00   2.00000000e+01
2            6.28318531e-02   6.28318531e-02   2.06312946e-03   7.76830857e-17   3.99877230e+01   2.60020495e-03   1.99878743e+01 
3            6.28318531e-02   1.25663706e-01   1.24503785e-03   8.97312823e-17   3.99742113e+01   9.58061348e-03   1.99747756e+01 
4            6.28318531e-02   1.88495559e-01   9.63809394e-04   1.34522385e-16   3.99593911e+01   2.06768164e-02   1.99606411e+01 
5            6.28318531e-02   2.51327412e-01   7.78046841e-04   2.28658238e-16   3.99432088e+01   3.58977949e-02   1.99454615e+01 
6            6.28318531e-02   3.14159265e-01   7.09228996e-04   2.90837233e-16   3.99256165e+01   5.52428937e-02   1.99292440e+01 
7            6.28318531e-02   3.76991118e-01   7.15792193e-04   4.39643981e-16   3.99065716e+01   7.86770627e-02   1.99120028e+01 
8            6.28318531e-02   4.39822972e-01   7.22257478e-04   4.70977424e-16   3.98860379e+01   1.06151898e-01   1.98937584e+01 
9            6.28318531e-02   5.02654825e-01   7.28288767e-04   4.89408861e-16   3.98639864e+01   1.37616188e-01   1.98745388e+01 
10           6.28318531e-02   5.65486678e-01   7.33458544e-04   5.72025066e-16   3.98403954e+01   1.73015954e-01   1.98543791e+01 
11           6.28318531e-02   6.28318531e-01   7.38069488e-04   6.17019456e-16   3.98152502e+01   2.12292383e-01   1.98333210e+01 
12           6.28318531e-02   6.91150384e-01   7.42003967e-04   6.99527242e-16   3.97885434e+01   2.55381187e-01   1.98114117e+01 
13           6.28318531e-02   7.53982237e-01   7.44999659e-04   7.84203431e-16   3.97602749e+01   3.02213134e-01   1.97887035e+01 
14           6.28318531e-02   8.16814090e-01   7.47076030e-04   7.74120351e-16   3.97304515e+01   3.52714776e-01   1.97652531e+01 
15           6.28318531e-02   8.79645943e-01   7.48293798e-04   8.12067427e-16   3.96990876e+01   4.06808951e-01   1.97411214e+01 
16           6.28318531e-02   9.42477796e-01   7.48698348e-04   7.79324522e-16   3.96662043e+01   4.64415118e-01   1.97163728e+01 
17           6.28318531e-02   1.00530965e+00   7.48622622e-04   8.37004077e-16   3.96318295e+01   5.25449639e-01   1.96910748e+01 
18           6.28318531e-02   1.06814150e+00   7.47863727e-04   8.25728375e-16   3.95959982e+01   5.89826098e-01   1.96652979e+01 
19           6.28318531e-02   1.13097336e+00   7.46420141e-04   8.21825247e-16   3.95587513e+01   6.57455620e-01   1.96391144e+01 
20           6.28318531e-02   1.19380521e+00   7.44345009e-04   8.59772323e-16   3.95201364e+01   7.28247174e-01   1.96125983e+01 
21           6.28318531e-02   1.25663706e+00   7.42520986e-04   9.21571847e-16   3.94802065e+01   8.02107844e-01   1.95858252e+01 
22           6.28318531e-02   1.31946891e+00   7.40542810e-04   9.64939934e-16   3.94390204e+01   8.78943079e-01   1.95588709e+01 
23           6.28318531e-02   1.38230077e+00   7.37887040e-04   1.01568060e-15   3.93966421e+01   9.58656915e-01   1.95318119e+01 
24           6.28318531e-02   1.44513262e+00   7.34734674e-04   1.07899800e-15   3.93531404e+01   1.04115218e+00   1.95047246e+01 
25           6.28318531e-02   1.50796447e+00   7.31274438e-04   1.13971332e-15   3.93085884e+01   1.12633066e+00   1.94776845e+01 
26           6.28318531e-02   1.57079633e+00   7.27304323e-04   1.18514139e-15   3.92630632e+01   1.21409327e+00   1.94507664e+01 
27           6.28318531e-02   1.63362818e+00   7.22885302e-04   1.23918887e-15   3.92166458e+01   1.30434020e+00   1.94240438e+01 
28           6.28318531e-02   1.69646003e+00   7.18212240e-04   1.29090532e-15   3.91694200e+01   1.39697098e+00   1.93975884e+01 
29           6.28318531e-02   1.75929189e+00   7.13496770e-04   1.33199658e-15   3.91214726e+01   1.49188461e+00   1.93714698e+01 
30           6.28318531e-02   1.82212374e+00   7.09230692e-04   1.39157349e-15   3.90728926e+01   1.58897959e+00   1.93457555e+01 
31           6.28318531e-02   1.88495559e+00   7.04796332e-04   1.45472826e-15   3.90237708e+01   1.68815401e+00   1.93205101e+01 
32           6.28318531e-02   1.94778745e+00   7.00011181e-04   1.51460333e-15   3.89741998e+01   1.78930552e+00   1.92957957e+01 
33           6.28318531e-02   2.01061930e+00   6.95101507e-04   1.56358216e-15   3.89242728e+01   1.89233141e+00   1.92716711e+01 
34           6.28318531e-02   2.07345115e+00   6.90065551e-04   1.61424151e-15   3.88740840e+01   1.99712853e+00   1.92481919e+01 
35           6.28318531e-02   2.13628300e+00   6.84808658e-04   1.67693550e-15   3.88237279e+01   2.10359333e+00   1.92254104e+01 
36           6.28318531e-02   2.19911486e+00   6.79639057e-04   1.71564152e-15   3.87732985e+01   2.21162179e+00   1.92033751e+01 
37           6.28318531e-02   2.26194671e+00   6.74914285e-04   1.75662436e-15   3.87228899e+01   2.32110942e+00   1.91821311e+01 
38           6.28318531e-02   2.32477856e+00   6.70411865e-04   1.80324505e-15   3.86725950e+01   2.43195116e+00   1.91617194e+01 
39           6.28318531e-02   2.38761042e+00   6.65744383e-04   1.85788884e-15   3.86225058e+01   2.54404136e+00   1.91421772e+01 
40           6.28318531e-02   2.45044227e+00   6.61157579e-04   1.90732846e-15   3.85727127e+01   2.65727371e+00   1.91235376e+01 
41           6.28318531e-02   2.51327412e+00   6.56467273e-04   1.95026287e-15   3.85233047e+01   2.77154117e+00   1.91058297e+01 
42           6.28318531e-02   2.57610598e+00   6.51862506e-04   1.99579936e-15   3.84743686e+01   2.88673595e+00   1.90890785e+01 
43           6.28318531e-02   2.63893783e+00   6.47275511e-04   2.03309591e-15   3.84259890e+01   3.00274937e+00   1.90733049e+01 
44           6.28318531e-02   2.70176968e+00   6.42785226e-04   2.08080081e-15   3.83782481e+01   3.11947190e+00   1.90585256e+01 
45           6.28318531e-02   2.76460154e+00   6.40236448e-04   2.11289319e-15   3.83312255e+01   3.23679303e+00   1.90447535e+01 
46           6.28318531e-02   2.82743339e+00   6.37498794e-04   2.14411822e-15   3.82849977e+01   3.35460126e+00   1.90319975e+01 
47           6.28318531e-02   2.89026524e+00   6.34248440e-04   2.18314949e-15   3.82396384e+01   3.47278410e+00   1.90202626e+01 
48           6.28318531e-02   2.95309709e+00   6.30777099e-04   2.22391550e-15   3.81952177e+01   3.59122796e+00   1.90095498e+01 
49           6.28318531e-02   3.01592895e+00   6.27823835e-04   2.27248775e-15   3.81518025e+01   3.70981823e+00   1.89998567e+01 
50           6.28318531e-02   3.07876080e+00   6.24820380e-04   2.32452946e-15   3.81094561e+01   3.82843921e+00   1.89911771e+01 
51           6.28318531e-02   3.14159265e+00   6.21812870e-04   2.35922393e-15   3.80682377e+01   3.94697415e+00   1.89835014e+01 
52           6.28318531e-02   3.20442451e+00   6.18834673e-04   2.41993925e-15   3.80282030e+01   4.06530527e+00   1.89768164e+01 
53           6.28318531e-02   3.26725636e+00   6.15905863e-04   2.43381704e-15   3.79894034e+01   4.18331382e+00   1.89711057e+01 
54           6.28318531e-02   3.33008821e+00   6.13492638e-04   2.47718512e-15   3.79518862e+01   4.30088010e+00   1.89663498e+01 
55           6.28318531e-02   3.39292007e+00   6.11576471e-04   2.53096155e-15   3.79156942e+01   4.41788354e+00   1.89625258e+01 
56           6.28318531e-02   3.45575192e+00   6.09827181e-04   2.57779909e-15   3.78808660e+01   4.53420279e+00   1.89596080e+01 
57           6.28318531e-02   3.51858377e+00   6.07933070e-04   2.60208521e-15   3.78474355e+01   4.64971582e+00   1.89575676e+01 
58           6.28318531e-02   3.58141563e+00   6.05742159e-04   2.62984079e-15   3.78154320e+01   4.76430002e+00   1.89563731e+01 
59           6.28318531e-02   3.64424748e+00   6.04133935e-04   2.65933109e-15   3.77848798e+01   4.87783232e+00   1.89559901e+01 
60           6.28318531e-02   3.70707933e+00   6.04157067e-04   2.69576028e-15   3.77557986e+01   4.99018937e+00   1.89563818e+01 
61           6.28318531e-02   3.76991118e+00   6.07470213e-04   2.72178113e-15   3.77282028e+01   5.10124763e+00   1.89575085e+01 
62           6.28318531e-02   3.83274304e+00   6.11321571e-04   2.75127143e-15   3.77021021e+01   5.21088357e+00   1.89593284e+01 
63           6.28318531e-02   3.89557489e+00   6.15472756e-04   2.78596590e-15   3.76775007e+01   5.31897385e+00   1.89617968e+01 
64           6.28318531e-02   3.95840674e+00   6.19471220e-04   2.81719092e-15   3.76543976e+01   5.42539547e+00   1.89648671e+01 
65           6.28318531e-02   4.02123860e+00   6.23280025e-04   2.86576318e-15   3.76327867e+01   5.53002600e+00   1.89684901e+01 
66           6.28318531e-02   4.08407045e+00   6.26869370e-04   2.89004931e-15   3.76126563e+01   5.63274379e+00   1.89726147e+01 
67           6.28318531e-02   4.14690230e+00   6.30215953e-04   2.89698820e-15   3.75939893e+01   5.73342813e+00   1.89771876e+01 
68           6.28318531e-02   4.20973416e+00   6.34209696e-04   2.92474378e-15   3.75767632e+01   5.83195952e+00   1.89821533e+01 
69           6.28318531e-02   4.27256601e+00   6.38471551e-04   2.98025493e-15   3.75609499e+01   5.92821988e+00   1.89874546e+01 
70           6.28318531e-02   4.33539786e+00   6.42473768e-04   3.04270498e-15   3.75465161e+01   6.02209277e+00   1.89930324e+01 
71           6.28318531e-02   4.39822972e+00   6.46191709e-04   3.14331894e-15   3.75334227e+01   6.11346363e+00   1.89988257e+01 
72           6.28318531e-02   4.46106157e+00   6.49606937e-04   3.25087179e-15   3.75216252e+01   6.20222005e+00   1.90047722e+01 
73           6.28318531e-02   4.52389342e+00   6.52921044e-04   3.33066907e-15   3.75110737e+01   6.28825195e+00   1.90108079e+01 
74           6.28318531e-02   4.58672527e+00   6.57287102e-04   3.35495520e-15   3.75017132e+01   6.37145188e+00   1.90168673e+01 
75           6.28318531e-02   4.64955713e+00   6.61327225e-04   3.34107741e-15   3.74934832e+01   6.45171523e+00   1.90228838e+01 
76           6.28318531e-02   4.71238898e+00   6.65022768e-04   3.37924133e-15   3.74863181e+01   6.52894050e+00   1.90287899e+01 
77           6.28318531e-02   4.77522083e+00   6.68360911e-04   3.46597751e-15   3.74801475e+01   6.60302951e+00   1.90345171e+01 
78           6.28318531e-02   4.83805269e+00   6.71334112e-04   3.48679419e-15   3.74748960e+01   6.67388766e+00   1.90399961e+01 
79           6.28318531e-02   4.90088454e+00   6.75589139e-04   3.50414142e-15   3.74704837e+01   6.74142419e+00   1.90451573e+01 
80           6.28318531e-02   4.96371639e+00   6.79503087e-04   3.54230534e-15   3.74668265e+01   6.80555235e+00   1.90499308e+01 
81           6.28318531e-02   5.02654825e+00   6.83018291e-04   3.59434704e-15   3.74638360e+01   6.86618967e+00   1.90542468e+01 
82           6.28318531e-02   5.08938010e+00   6.86127409e-04   3.67067488e-15   3.74614201e+01   6.92325817e+00   1.90580357e+01 
83           6.28318531e-02   5.15221195e+00   6.88985639e-04   3.72965547e-15   3.74594831e+01   6.97668457e+00   1.90612287e+01 
84           6.28318531e-02   5.21504380e+00   6.93041450e-04   3.80251386e-15   3.74579263e+01   7.02640047e+00   1.90637576e+01 
85           6.28318531e-02   5.27787566e+00   6.96657364e-04   3.86149446e-15   3.74566483e+01   7.07234256e+00   1.90655557e+01 
86           6.28318531e-02   5.34070751e+00   6.99826251e-04   3.95516953e-15   3.74555451e+01   7.11445278e+00   1.90665576e+01 
87           6.28318531e-02   5.40353936e+00   7.02545039e-04   3.97945565e-15   3.74545110e+01   7.15267848e+00   1.90667000e+01 
88           6.28318531e-02   5.46637122e+00   7.05629576e-04   4.01761957e-15   3.74534387e+01   7.18697256e+00   1.90659218e+01 
89           6.28318531e-02   5.52920307e+00   7.09255141e-04   4.08700851e-15   3.74522203e+01   7.21729363e+00   1.90641645e+01 
90           6.28318531e-02   5.59203492e+00   7.12392252e-04   4.08700851e-15   3.74507469e+01   7.24360607e+00   1.90613725e+01 
91           6.28318531e-02   5.65486678e+00   7.15037251e-04   4.16333634e-15   3.74489100e+01   7.26588015e+00   1.90574939e+01 
92           6.28318531e-02   5.71769863e+00   7.17231996e-04   4.20496971e-15   3.74466018e+01   7.28409209e+00   1.90524802e+01 
93           6.28318531e-02   5.78053048e+00   7.20762461e-04   4.27435864e-15   3.74437154e+01   7.29822411e+00   1.90462873e+01 
94           6.28318531e-02   5.84336234e+00   7.23761858e-04   4.35068648e-15   3.74401460e+01   7.30826447e+00   1.90388756e+01 
95           6.28318531e-02   5.90619419e+00   7.26225464e-04   4.41313652e-15   3.74357911e+01   7.31420746e+00   1.90302103e+01 
96           6.28318531e-02   5.96902604e+00   7.28284605e-04   4.46864767e-15   3.74305512e+01   7.31605340e+00   1.90202620e+01 
97           6.28318531e-02   6.03185789e+00   7.31092412e-04   4.48599491e-15   3.74243307e+01   7.31380859e+00   1.90090072e+01 
98           6.28318531e-02   6.09468975e+00   7.33835673e-04   4.54150606e-15   3.74170382e+01   7.30748528e+00   1.89964283e+01 
99           6.28318531e-02   6.15752160e+00   7.35997333e-04   4.55538385e-15   3.74085875e+01   7.29710157e+00   1.89825142e+01 
100          6.28318531e-02   6.22035345e+00   7.37950964e-04   4.60395611e-15   3.73988982e+01   7.28268132e+00   1.89672609e+01 
101          6.28318531e-02   6.28318531e+00   7.43656027e-04   4.65252836e-15   3.73878960e+01   7.26425404e+00   1.89506713e+01 
102          6.28318531e-02   6.34601716e+00   7.52322818e-04   4.69763117e-15   3.73755142e+01   7.24185479e+00   1.89327563e+01 
103          6.28318531e-02   6.40884901e+00   7.60387913e-04   4.72538675e-15   3.73616935e+01   7.21552399e+00   1.89135342e+01 
104          6.28318531e-02   6.47168087e+00   7.67867724e-04   4.80171458e-15   3.73463830e+01   7.18530730e+00   1.88930319e+01 
105          6.28318531e-02   6.53451272e+00   7.74843694e-04   4.85722573e-15   3.73295407e+01   7.15125543e+00   1.88712844e+01 
106          6.28318531e-02   6.59734457e+00   7.81335181e-04   4.86242990e-15   3.73111339e+01   7.11342398e+00   1.88483350e+01 
107          6.28318531e-02   6.66017643e+00   7.87228708e-04   4.90406327e-15   3.72911397e+01   7.07187320e+00   1.88242358e+01 
108          6.28318531e-02   6.72300828e+00   7.92530438e-04   4.94916608e-15   3.72695451e+01   7.02666786e+00   1.87990471e+01 
109          6.28318531e-02   6.78584013e+00   7.97255661e-04   5.01161612e-15   3.72463471e+01   6.97787696e+00   1.87728373e+01 
110          6.28318531e-02   6.84867198e+00   8.01415680e-04   5.04978004e-15   3.72215531e+01   6.92557354e+00   1.87456827e+01 
111          6.28318531e-02   6.91150384e+00   8.05027114e-04   5.10008702e-15   3.71951803e+01   6.86983443e+00   1.87176668e+01 
112          6.28318531e-02   6.97433569e+00   8.08105873e-04   5.12957732e-15   3.71672555e+01   6.81074003e+00   1.86888799e+01 
113          6.28318531e-02   7.03716754e+00   8.10676091e-04   5.20243570e-15   3.71378151e+01   6.74837399e+00   1.86594181e+01 
114          6.28318531e-02   7.09999940e+00   8.12770489e-04   5.25968158e-15   3.71069041e+01   6.68282297e+00   1.86293828e+01 
115          6.28318531e-02   7.16283125e+00   8.14373440e-04   5.30304967e-15   3.70745758e+01   6.61417636e+00   1.85988794e+01 
116          6.28318531e-02   7.22566310e+00   8.15508686e-04   5.33080524e-15   3.70408909e+01   6.54252597e+00   1.85680162e+01 
117          6.28318531e-02   7.28849496e+00   8.16203725e-04   5.38458167e-15   3.70059169e+01   6.46796570e+00   1.85369040e+01 
118          6.28318531e-02   7.35132681e+00   8.16520564e-04   5.42794976e-15   3.69697271e+01   6.39059131e+00   1.85056543e+01 
119          6.28318531e-02   7.41415866e+00   8.16460540e-04   5.47218520e-15   3.69323998e+01   6.31050006e+00   1.84743785e+01 
120          6.28318531e-02   7.47699052e+00   8.16049865e-04   5.51642065e-15   3.68940179e+01   6.22779049e+00   1.84431871e+01 
121          6.28318531e-02   7.53982237e+00   8.15315268e-04   5.55371721e-15   3.68546672e+01   6.14256217e+00   1.84121887e+01 
122          6.28318531e-02   7.60265422e+00   8.14283758e-04   5.58754432e-15   3.68144365e+01   6.05491551e+00   1.83814890e+01 
123          6.28318531e-02   7.66548607e+00   8.12982456e-04   5.63871866e-15   3.67734164e+01   5.96495168e+00   1.83511900e+01 
124          6.28318531e-02   7.72831793e+00   8.11438378e-04   5.67601521e-15   3.67316990e+01   5.87277252e+00   1.83213898e+01 
125          6.28318531e-02   7.79114978e+00   8.09678255e-04   5.71678122e-15   3.66893767e+01   5.77848056e+00   1.82921815e+01 
126          6.28318531e-02   7.85398163e+00   8.07843712e-04   5.76838924e-15   3.66465424e+01   5.68217911e+00   1.82636530e+01 
127          6.28318531e-02   7.91681349e+00   8.05870246e-04   5.79484377e-15   3.66032881e+01   5.58397233e+00   1.82358867e+01 
128          6.28318531e-02   7.97964534e+00   8.03761018e-04   5.82650247e-15   3.65597055e+01   5.48396534e+00   1.82089589e+01 
129          6.28318531e-02   8.04247719e+00   8.01538803e-04   5.87854418e-15   3.65158848e+01   5.38226430e+00   1.81829399e+01 
130          6.28318531e-02   8.10530905e+00   7.99283129e-04   5.92542237e-15   3.64719147e+01   5.27897637e+00   1.81578935e+01 
131          6.28318531e-02   8.16814090e+00   7.97057524e-04   5.95053520e-15   3.64278821e+01   5.17420963e+00   1.81338774e+01 
132          6.28318531e-02   8.23097275e+00   7.94779952e-04   5.97959182e-15   3.63838719e+01   5.06807283e+00   1.81109428e+01 
133          6.28318531e-02   8.29380461e+00   7.92467965e-04   6.01125053e-15   3.63399669e+01   4.96067498e+00   1.80891344e+01 
134          6.28318531e-02   8.35663646e+00   7.90217883e-04   6.04507763e-15   3.62962479e+01   4.85212483e+00   1.80684912e+01 
135          6.28318531e-02   8.41946831e+00   7.88043852e-04   6.07283321e-15   3.62527933e+01   4.74253021e+00   1.80490461e+01 
136          6.28318531e-02   8.48230016e+00   7.85877393e-04   6.09321621e-15   3.62096798e+01   4.63199730e+00   1.80308266e+01 
137          6.28318531e-02   8.54513202e+00   7.83731367e-04   6.12010442e-15   3.61669819e+01   4.52062989e+00   1.80138550e+01 
138          6.28318531e-02   8.60796387e+00   7.81732506e-04   6.16867668e-15   3.61247729e+01   4.40852859e+00   1.79981493e+01 
139          6.28318531e-02   8.67079572e+00   7.79809932e-04   6.17735030e-15   3.60831245e+01   4.29579024e+00   1.79837234e+01 
140          6.28318531e-02   8.73362758e+00   7.77935024e-04   6.20944268e-15   3.60421076e+01   4.18250728e+00   1.79705880e+01 
141          6.28318531e-02   8.79645943e+00   7.76116950e-04   6.24500451e-15   3.60017921e+01   4.06876737e+00   1.79587508e+01 
142          6.28318531e-02   8.85929128e+00   7.74488472e-04   6.28663788e-15   3.59622476e+01   3.95465306e+00   1.79482176e+01 
143          6.28318531e-02   8.92212314e+00   7.72939946e-04   6.33694486e-15   3.59235432e+01   3.84024162e+00   1.79389924e+01 
144          6.28318531e-02   8.98495499e+00   7.71464333e-04   6.36296571e-15   3.58857477e+01   3.72560490e+00   1.79310776e+01 
145          6.28318531e-02   9.04778684e+00   7.70067716e-04   6.40633380e-15   3.58489295e+01   3.61080925e+00   1.79244750e+01 
146          6.28318531e-02   9.11061870e+00   7.68844309e-04   6.45664078e-15   3.58131567e+01   3.49591545e+00   1.79191852e+01 
147          6.28318531e-02   9.17345055e+00   7.67733848e-04   6.49133525e-15   3.57784965e+01   3.38097861e+00   1.79152081e+01 
148          6.28318531e-02   9.23628240e+00   7.66709245e-04   6.53470333e-15   3.57450155e+01   3.26604809e+00   1.79125426e+01 
149          6.28318531e-02   9.29911425e+00   7.65773882e-04   6.55725474e-15   3.57127788e+01   3.15116736e+00   1.79111864e+01 
150          6.28318531e-02   9.36194611e+00   7.64930499e-04   6.61276589e-15   3.56818498e+01   3.03637395e+00   1.79111363e+01 
151          6.28318531e-02   9.42477796e+00   7.64269935e-04   6.64399091e-15   3.56522902e+01   2.92169937e+00   1.79123871e+01 
152          6.28318531e-02   9.48760981e+00   7.63701900e-04   6.69082845e-15   3.56241590e+01   2.80716921e+00   1.79149318e+01 
153          6.28318531e-02   9.55044167e+00   7.63223508e-04   6.73419653e-15   3.55975125e+01   2.69280327e+00   1.79187612e+01 
154          6.28318531e-02   9.61327352e+00   7.62835394e-04   6.77236045e-15   3.55724040e+01   2.57861586e+00   1.79238632e+01 
155          6.28318531e-02   9.67610537e+00   7.62537685e-04   6.83134105e-15   3.55488831e+01   2.46461622e+00   1.79302227e+01 
156          6.28318531e-02   9.73893723e+00   7.62330016e-04   6.89032165e-15   3.55269954e+01   2.35080908e+00   1.79378212e+01 
157          6.28318531e-02   9.80176908e+00   7.62245984e-04   6.92154667e-15   3.55067827e+01   2.23719538e+00   1.79466361e+01 
158          6.28318531e-02   9.86460093e+00   7.62268672e-04   6.98052727e-15   3.54882822e+01   2.12377296e+00   1.79566409e+01 
159          6.28318531e-02   9.92743279e+00   7.62372046e-04   7.04297731e-15   3.54715265e+01   2.01053744e+00   1.79678046e+01 
160          6.28318531e-02   9.99026464e+00   7.62554520e-04   7.09501902e-15   3.54565434e+01   1.89748305e+00   1.79800916e+01 
161          6.28318531e-02   1.00530965e+01   7.62814172e-04   7.13665238e-15   3.54433559e+01   1.78460345e+00   1.79934616e+01 
162          6.28318531e-02   1.01159283e+01   7.63148765e-04   7.17134685e-15   3.54319818e+01   1.67189257e+00   1.80078695e+01 
163          6.28318531e-02   1.01787602e+01   7.63555768e-04   7.20604132e-15   3.54224339e+01   1.55934531e+00   1.80232652e+01 
164          6.28318531e-02   1.02415921e+01   7.64032375e-04   7.28236915e-15   3.54147201e+01   1.44695820e+00   1.80395938e+01 
165          6.28318531e-02   1.03044239e+01   7.64575528e-04   7.34481920e-15   3.54088427e+01   1.33473000e+00   1.80567960e+01 
166          6.28318531e-02   1.03672558e+01   7.68918594e-04   7.39339145e-15   3.54047993e+01   1.22266212e+00   1.80748074e+01 
167          6.28318531e-02   1.04300876e+01   7.74632989e-04   7.46278039e-15   3.54025821e+01   1.11075898e+00   1.80935596e+01 
168          6.28318531e-02   1.04929195e+01   7.80230578e-04   7.50441376e-15   3.54021785e+01   9.99028317e-01   1.81129798e+01 
169          6.28318531e-02   1.05557513e+01   7.85711378e-04   7.53910823e-15   3.54035704e+01   8.87481280e-01   1.81329910e+01 
170          6.28318531e-02   1.06185832e+01   7.91074891e-04   7.58768048e-15   3.54067349e+01   7.76132549e-01   1.81535128e+01 
171          6.28318531e-02   1.06814150e+01   7.96320088e-04   7.62931385e-15   3.54116436e+01   6.65000324e-01   1.81744607e+01 
172          6.28318531e-02   1.07442469e+01   8.01445401e-04   7.68829445e-15   3.54182632e+01   5.54106272e-01   1.81957470e+01 
173          6.28318531e-02   1.08070787e+01   8.06448718e-04   7.75074449e-15   3.54265548e+01   4.43475441e-01   1.82172807e+01 
174          6.28318531e-02   1.08699106e+01   8.11327376e-04   7.80625564e-15   3.54364739e+01   3.33136171e-01   1.82389675e+01 
175          6.28318531e-02   1.09327424e+01   8.16078161e-04   7.84095011e-15   3.54479706e+01   2.23120019e-01   1.82607102e+01 
176          6.28318531e-02   1.09955743e+01   8.20697306e-04   7.88952237e-15   3.54609885e+01   1.13461736e-01   1.82824083e+01 
177          6.28318531e-02   1.10584061e+01   8.25180492e-04   7.94503352e-15   3.54754656e+01   4.19931289e-03   1.83039588e+01 
178          6.28318531e-02   1.11212380e+01   8.29522851e-04   8.00054467e-15   3.54913329e+01  -1.04625885e-01   1.83252555e+01 
179          6.28318531e-02   1.11840698e+01   8.33718965e-04   8.04911693e-15   3.55085148e+01  -2.12968891e-01   1.83461898e+01 
180          6.28318531e-02   1.12469017e+01   8.37855733e-04   8.10462808e-15   3.55269290e+01  -3.20780820e-01   1.83666507e+01 
181          6.28318531e-02   1.13097336e+01   8.41904551e-04   8.16707812e-15   3.55464860e+01  -4.28008476e-01   1.83865250e+01 
182          6.28318531e-02   1.13725654e+01   8.45795272e-04   8.19136425e-15   3.55670891e+01  -5.34593924e-01   1.84056979e+01 
183          6.28318531e-02   1.14353973e+01   8.49519003e-04   8.23993651e-15   3.55886348e+01  -6.40474061e-01   1.84240537e+01 
184          6.28318531e-02   1.14982291e+01   8.53066332e-04   8.29891711e-15   3.56110130e+01  -7.45580248e-01   1.84414765e+01 
185          6.28318531e-02   1.15610610e+01   8.56427337e-04   8.37524494e-15   3.56341072e+01  -8.49838049e-01   1.84578515e+01 
186          6.28318531e-02   1.16238928e+01   8.59591598e-04   8.44116443e-15   3.56577955e+01  -9.53167159e-01   1.84730655e+01 
187          6.28318531e-02   1.16867247e+01   8.62670023e-04   8.53483950e-15   3.56819513e+01  -1.05548156e+00   1.84870091e+01 
188          6.28318531e-02   1.17495565e+01   8.65632702e-04   8.59035065e-15   3.57064443e+01  -1.15668994e+00   1.84995773e+01 
189          6.28318531e-02   1.18123884e+01   8.68362915e-04   8.65973959e-15   3.57311422e+01  -1.25669644e+00   1.85106715e+01 
190          6.28318531e-02   1.18752202e+01   8.70847072e-04   8.73606743e-15   3.57559115e+01  -1.35540170e+00   1.85202008e+01 
191          6.28318531e-02   1.19380521e+01   8.73071155e-04   8.79851747e-15   3.57806199e+01  -1.45270406e+00   1.85280831e+01 
192          6.28318531e-02   1.20008839e+01   8.75117556e-04   8.87484530e-15   3.58051371e+01  -1.54850111e+00   1.85342467e+01 
193          6.28318531e-02   1.20637158e+01   8.77022865e-04   8.93382590e-15   3.58293369e+01  -1.64269108e+00   1.85386311e+01 
194          6.28318531e-02   1.21265476e+01   8.78846633e-04   8.99974539e-15   3.58530985e+01  -1.73517433e+00   1.85411877e+01 
195          6.28318531e-02   1.21893795e+01   8.80967164e-04   9.06219544e-15   3.58763075e+01  -1.82585447e+00   1.85418800e+01 
196          6.28318531e-02   1.22522113e+01   8.82797605e-04   9.10729825e-15   3.58988570e+01  -1.91463920e+00   1.85406845e+01 
197          6.28318531e-02   1.23150432e+01   8.84456247e-04   9.16974829e-15   3.59206476e+01  -2.00144060e+00   1.85375900e+01 
198          6.28318531e-02   1.23778751e+01   8.85921802e-04   9.22872889e-15   3.59415879e+01  -2.08617501e+00   1.85325977e+01 
199          6.28318531e-02   1.24407069e+01   8.87033885e-04   9.30852617e-15   3.59615939e+01  -2.16876240e+00   1.85257211e+01 
200          6.28318531e-02   1.25035388e+01   8.87774760e-04   9.35709843e-15   3.59805890e+01  -2.24912541e+00   1.85169855e+01 
201          6.28318531e-02   1.25663706e+01   8.88252258e-04   9.41607903e-15   3.59985028e+01  -2.32718812e+00   1.85064275e+01 
