    0.0000000000     0.0000000000     0.0000003472    -0.0000003472
   -0.0000003472     0.0000000000    -0.0001738145     0.0001741617
    0.0001738145     0.0000000000    -0.0004174581     0.0002436436
    0.0004174581     0.0000000000    -0.0006811998     0.0002637417
    0.0006811998     0.0000000000    -0.0009353553     0.0002541555
    0.0009353553     0.0000000000    -0.0011619612     0.0002266059
    0.0011619612     0.0000000000    -0.0013462118     0.0001842507
    0.0013462118     0.0000000000    -0.0014738653     0.0001276534
    0.0014738653     0.0000000000    -0.0015313395     0.0000574742
    0.0015313395     0.0000000000    -0.0015075995    -0.0000237399
    0.0015075995     0.0000000000    -0.0013963776    -0.0001112220
    0.0013963776     0.0000000000    -0.0011980308    -0.0001983467
    0.0011980308     0.0000000000    -0.0009205937    -0.0002774371
    0.0009205937     0.0000000000    -0.0005798025    -0.0003407912
    0.0005798025     0.0000000000    -0.0001980001    -0.0003818024
    0.0001980001     0.0000000000     0.0001980001    -0.0003960002
   -0.0001980001     0.0000000000     0.0005798025    -0.0003818024
   -0.0005798025     0.0000000000     0.0009205938    -0.0003407912
   -0.0009205938     0.0000000000     0.0011980309    -0.0002774371
   -0.0011980309     0.0000000000     0.0013963776    -0.0001983467
   -0.0013963776     0.0000000000     0.0015075995    -0.0001112220
   -0.0015075995     0.0000000000     0.0015313395    -0.0000237399
   -0.0015313395     0.0000000000     0.0014738653     0.0000574742
   -0.0014738653     0.0000000000     0.0013462119     0.0001276534
   -0.0013462119     0.0000000000     0.0011619612     0.0001842507
   -0.0011619612     0.0000000000     0.0009353553     0.0002266059
   -0.0009353553     0.0000000000     0.0006811998     0.0002541555
   -0.0006811998     0.0000000000     0.0004174581     0.0002637417
   -0.0004174581     0.0000000000     0.0001738145     0.0002436436
   -0.0001738145     0.0000000000    -0.0000003472     0.0001741617
    0.0000003472     0.0000000000     0.0000000000    -0.0000003472
    0.0000000000     0.0000003472    -0.0001975570     0.0001972098
    0.0001975570    -0.0001741617    -0.0006081141     0.0005847188
    0.0006081141    -0.0002436436    -0.0011459455     0.0007814751
    0.0011459455    -0.0002637417    -0.0017255761     0.0008433723
    0.0017255761    -0.0002541555    -0.0022803619     0.0008089413
    0.0022803619    -0.0002266059    -0.0027616306     0.0007078745
    0.0027616306    -0.0001842507    -0.0031317785     0.0005543987
    0.0031317785    -0.0001276534    -0.0033606908     0.0003565657
    0.0033606908    -0.0000574742    -0.0034256403     0.0001224237
    0.0034256403     0.0000237399    -0.0033129960    -0.0001363843
    0.0033129960     0.0001112220    -0.0030201033    -0.0004041146
    0.0030201033     0.0001983467    -0.0025564661    -0.0006619839
    0.0025564661     0.0002774371    -0.0019438890    -0.0008900142
    0.0019438890     0.0003407912    -0.0012154889    -0.0010691914
    0.0012154889     0.0003818024    -0.0004135653    -0.0011837260
    0.0004135653     0.0003960002     0.0004135654    -0.0012231309
   -0.0004135654     0.0003818024     0.0012154890    -0.0011837260
   -0.0012154890     0.0003407912     0.0019438891    -0.0010691914
   -0.0019438891     0.0002774371     0.0025564662    -0.0008900142
   -0.0025564662     0.0001983467     0.0030201034    -0.0006619839
   -0.0030201034     0.0001112220     0.0033129960    -0.0004041146
   -0.0033129960     0.0000237399     0.0034256404    -0.0001363843
   -0.0034256404    -0.0000574742     0.0033606909     0.0001224237
   -0.0033606909    -0.0001276534     0.0031317786     0.0003565657
   -0.0031317786    -0.0001842507     0.0027616306     0.0005543987
   -0.0027616306    -0.0002266059     0.0022803620     0.0007078745
   -0.0022803620    -0.0002541555     0.0017255762     0.0008089413
   -0.0017255762    -0.0002637417     0.0011459456     0.0008433723
   -0.0011459456    -0.0002436436     0.0006081141     0.0007814751
   -0.0006081141    -0.0001741617     0.0001975570     0.0005847188
   -0.0001975570     0.0000003472     0.0000000000     0.0001972098
    0.0000000000    -0.0001972098    -0.0002844216     0.0004816314
    0.0002844216    -0.0005847188    -0.0008858448     0.0011861420
    0.0008858448    -0.0007814751    -0.0016389108     0.0015345410
    0.0016389108    -0.0008433723    -0.0024236419     0.0016281035
    0.0024236419    -0.0008089413    -0.0031539052     0.0015392045
    0.0031539052    -0.0007078745    -0.0037661772     0.0013201465
    0.0037661772    -0.0005543987    -0.0042134177     0.0010016392
    0.0042134177    -0.0003565657    -0.0044620117     0.0006051597
    0.0044620117    -0.0001224237    -0.0044912121     0.0001516241
    0.0044912121     0.0001363843    -0.0042933869    -0.0003342095
    0.0042933869     0.0004041146    -0.0038741047    -0.0008233968
    0.0038741047     0.0006619839    -0.0032517320    -0.0012843566
    0.0032517320     0.0008900142    -0.0024565472    -0.0016851990
    0.0024565472     0.0010691914    -0.0015293190    -0.0019964196
    0.0015293190     0.0011837260    -0.0005191960    -0.0021938490
    0.0005191960     0.0012231309     0.0005191961    -0.0022615230
   -0.0005191961     0.0011837260     0.0015293191    -0.0021938490
   -0.0015293191     0.0010691914     0.0024565473    -0.0019964196
   -0.0024565473     0.0008900142     0.0032517321    -0.0016851990
   -0.0032517321     0.0006619839     0.0038741048    -0.0012843566
   -0.0038741048     0.0004041146     0.0042933870    -0.0008233968
   -0.0042933870     0.0001363843     0.0044912122    -0.0003342094
   -0.0044912122    -0.0001224237     0.0044620118     0.0001516241
   -0.0044620118    -0.0003565657     0.0042134178     0.0006051597
   -0.0042134178    -0.0005543987     0.0037661773     0.0010016392
   -0.0037661773    -0.0007078745     0.0031539053     0.0013201465
   -0.0031539053    -0.0008089413     0.0024236420     0.0015392046
   -0.0024236420    -0.0008433723     0.0016389108     0.0016281035
   -0.0016389108    -0.0007814751     0.0008858448     0.0015345411
   -0.0008858448    -0.0005847188     0.0002844216     0.0011861420
   -0.0002844216    -0.0001972098     0.0000000000     0.0004816314
    0.0000000000    -0.0004816314    -0.0003485816     0.0008302130
    0.0003485816    -0.0011861420    -0.0010509928     0.0018885532
    0.0010509928    -0.0015345410    -0.0019133180     0.0023968662
    0.0019133180    -0.0016281035    -0.0027954279     0.0025102134
    0.0027954279    -0.0015392045    -0.0035990315     0.0023428081
    0.0035990315    -0.0013201465    -0.0042537512     0.0019748662
    0.0042537512    -0.0010016392    -0.0047110571     0.0014589451
    0.0047110571    -0.0006051597    -0.0049405882     0.0008346907
    0.0049405882    -0.0001516241    -0.0049280223     0.0001390583
    0.0049280223     0.0003342095    -0.0046731906    -0.0005890412
    0.0046731906     0.0008233968    -0.0041883216    -0.0013082659
    0.0041883216     0.0012843566    -0.0034965968    -0.0019760814
    0.0034965968     0.0016851990    -0.0026310881    -0.0025507077
    0.0026310881     0.0019964196    -0.0016337525    -0.0029937551
    0.0016337525     0.0021938490    -0.0005539468    -0.0032736547
    0.0005539468     0.0022615230     0.0005539469    -0.0033694167
   -0.0005539469     0.0021938490     0.0016337527    -0.0032736547
   -0.0016337527     0.0019964196     0.0026310882    -0.0029937551
   -0.0026310882     0.0016851990     0.0034965969    -0.0025507077
   -0.0034965969     0.0012843566     0.0041883217    -0.0019760814
   -0.0041883217     0.0008233968     0.0046731907    -0.0013082659
   -0.0046731907     0.0003342094     0.0049280225    -0.0005890412
   -0.0049280225    -0.0001516241     0.0049405883     0.0001390583
   -0.0049405883    -0.0006051597     0.0047110572     0.0008346908
   -0.0047110572    -0.0010016392     0.0042537513     0.0014589451
   -0.0042537513    -0.0013201465     0.0035990316     0.0019748662
   -0.0035990316    -0.0015392046     0.0027954280     0.0023428082
   -0.0027954280    -0.0016281035     0.0019133181     0.0025102134
   -0.0019133181    -0.0015345411     0.0010509929     0.0023968663
   -0.0010509929    -0.0011861420     0.0003485816     0.0018885532
   -0.0003485816    -0.0004816314     0.0000000000     0.0008302130
    0.0000000000    -0.0008302130    -0.0003575391     0.0011877521
    0.0003575391    -0.0018885532    -0.0010856060     0.0026166201
    0.0010856060    -0.0023968662    -0.0019754428     0.0032867030
    0.0019754428    -0.0025102134    -0.0028767367     0.0034115073
    0.0028767367    -0.0023428081    -0.0036859076     0.0031519791
    0.0036859076    -0.0019748662    -0.0043316780     0.0026206366
    0.0043316780    -0.0014589451    -0.0047685840     0.0018958511
    0.0047685840    -0.0008346907    -0.0049719281     0.0010380348
    0.0049719281    -0.0001390583    -0.0049336729     0.0001008031
    0.0049336729     0.0005890412    -0.0046586837    -0.0008640305
    0.0046586837     0.0013082659    -0.0041618967    -0.0018050529
    0.0041618967     0.0019760814    -0.0034667936    -0.0026711844
    0.0034667936     0.0025507077    -0.0026050137    -0.0034124876
    0.0026050137     0.0029937551    -0.0016163111    -0.0039824577
    0.0016163111     0.0032736547    -0.0005478508    -0.0043421150
    0.0005478508     0.0033694167     0.0005478509    -0.0044651183
   -0.0005478509     0.0032736547     0.0016163112    -0.0043421150
   -0.0016163112     0.0029937551     0.0026050138    -0.0039824577
   -0.0026050138     0.0025507077     0.0034667937    -0.0034124876
   -0.0034667937     0.0019760814     0.0041618968    -0.0026711844
   -0.0041618968     0.0013082659     0.0046586838    -0.0018050529
   -0.0046586838     0.0005890412     0.0049336731    -0.0008640304
   -0.0049336731    -0.0001390583     0.0049719282     0.0001008032
   -0.0049719282    -0.0008346908     0.0047685841     0.0010380349
   -0.0047685841    -0.0014589451     0.0043316781     0.0018958512
   -0.0043316781    -0.0019748662     0.0036859077     0.0026206366
   -0.0036859077    -0.0023428082     0.0028767367     0.0031519791
   -0.0028767367    -0.0025102134     0.0019754428     0.0034115073
   -0.0019754428    -0.0023968663     0.0010856060     0.0032867031
   -0.0010856060    -0.0018885532     0.0003575391     0.0026166201
   -0.0003575391    -0.0008302130     0.0000000000     0.0011877521
    0.0000000000    -0.0011877521    -0.0003301463     0.0015178984
    0.0003301463    -0.0026166201    -0.0010186113     0.0033050851
    0.0010186113    -0.0032867030    -0.0018673535     0.0041354452
    0.0018673535    -0.0034115073    -0.0027279842     0.0042721379
    0.0027279842    -0.0031519791    -0.0034972592     0.0039212541
    0.0034972592    -0.0026206366    -0.0041060497     0.0032294270
    0.0041060497    -0.0018958511    -0.0045129975     0.0023027989
    0.0045129975    -0.0010380348    -0.0046981376     0.0012231748
    0.0046981376    -0.0001008031    -0.0046570641     0.0000597297
    0.0046570641     0.0008640305    -0.0043959739    -0.0011251207
    0.0043959739     0.0018050529    -0.0039285882    -0.0022724386
    0.0039285882     0.0026711844    -0.0032752604    -0.0033245122
    0.0032752604     0.0034124876    -0.0024637064    -0.0042240417
    0.0024637064     0.0039824577    -0.0015300720    -0.0049160921
    0.0015300720     0.0043421150    -0.0005189033    -0.0053532838
    0.0005189033     0.0044651183     0.0005189034    -0.0055029250
   -0.0005189034     0.0043421150     0.0015300721    -0.0053532838
   -0.0015300721     0.0039824577     0.0024637065    -0.0049160921
   -0.0024637065     0.0034124876     0.0032752605    -0.0042240417
   -0.0032752605     0.0026711844     0.0039285883    -0.0033245122
   -0.0039285883     0.0018050529     0.0043959740    -0.0022724386
   -0.0043959740     0.0008640304     0.0046570642    -0.0011251207
   -0.0046570642    -0.0001008032     0.0046981377     0.0000597297
   -0.0046981377    -0.0010380349     0.0045129976     0.0012231749
   -0.0045129976    -0.0018958512     0.0041060498     0.0023027990
   -0.0041060498    -0.0026206366     0.0034972593     0.0032294271
   -0.0034972593    -0.0031519791     0.0027279842     0.0039212542
   -0.0027279842    -0.0034115073     0.0018673536     0.0042721380
   -0.0018673536    -0.0032867031     0.0010186113     0.0041354453
   -0.0010186113    -0.0026166201     0.0003301463     0.0033050852
   -0.0003301463    -0.0011877521     0.0000000000     0.0015178984
    0.0000000000    -0.0015178984    -0.0002756247     0.0017935231
    0.0002756247    -0.0033050851    -0.0008762744     0.0039057348
    0.0008762744    -0.0041354452    -0.0016334398     0.0048926106
    0.0016334398    -0.0042721379    -0.0024113873     0.0050500854
    0.0024113873    -0.0039212541    -0.0031121168     0.0046219837
    0.0031121168    -0.0032294270    -0.0036701843     0.0037874945
    0.0036701843    -0.0023027989    -0.0040475427     0.0026801574
    0.0040475427    -0.0012231748    -0.0042265778     0.0014022099
    0.0042265778    -0.0000597297    -0.0042032873     0.0000364392
    0.0042032873     0.0011251207    -0.0039818985    -0.0013465095
    0.0039818985     0.0022724386    -0.0035721391    -0.0026821979
    0.0035721391     0.0033245122    -0.0029892820    -0.0039073693
    0.0029892820     0.0042240417    -0.0022560281    -0.0049572957
    0.0022560281     0.0049160921    -0.0014045546    -0.0057675656
    0.0014045546     0.0053532838    -0.0004769646    -0.0062808738
    0.0004769646     0.0055029250     0.0004769646    -0.0064568542
   -0.0004769646     0.0053532838     0.0014045546    -0.0062808738
   -0.0014045546     0.0049160921     0.0022560281    -0.0057675656
   -0.0022560281     0.0042240417     0.0029892821    -0.0049572957
   -0.0029892821     0.0033245122     0.0035721392    -0.0039073693
   -0.0035721392     0.0022724386     0.0039818985    -0.0026821979
   -0.0039818985     0.0011251207     0.0042032874    -0.0013465095
   -0.0042032874    -0.0000597297     0.0042265779     0.0000364392
   -0.0042265779    -0.0012231749     0.0040475428     0.0014022100
   -0.0040475428    -0.0023027990     0.0036701844     0.0026801574
   -0.0036701844    -0.0032294271     0.0031121169     0.0037874946
   -0.0031121169    -0.0039212542     0.0024113873     0.0046219838
   -0.0024113873    -0.0042721380     0.0016334398     0.0050500855
   -0.0016334398    -0.0041354453     0.0008762744     0.0048926107
   -0.0008762744    -0.0033050852     0.0002756247     0.0039057348
   -0.0002756247    -0.0015178984     0.0000000000     0.0017935232
    0.0000000000    -0.0017935231    -0.0002059058     0.0019994289
    0.0002059058    -0.0039057348    -0.0006872747     0.0043871037
    0.0006872747    -0.0048926106    -0.0013185801     0.0055239160
    0.0013185801    -0.0050500854    -0.0019855991     0.0057171044
    0.0019855991    -0.0046219837    -0.0025997666     0.0052361512
    0.0025997666    -0.0037874945    -0.0031001169     0.0042878448
    0.0031001169    -0.0026801574    -0.0034504920     0.0030305324
    0.0034504920    -0.0014022099    -0.0036330989     0.0015848168
    0.0036330989    -0.0000364392    -0.0036416387     0.0000449790
    0.0036416387     0.0013465095    -0.0034761597    -0.0015119885
    0.0034761597     0.0026821979    -0.0031409587    -0.0030173989
    0.0031409587     0.0039073693    -0.0026455113    -0.0044028167
    0.0026455113     0.0049572957    -0.0020072758    -0.0055955311
    0.0020072758     0.0057675656    -0.0012544741    -0.0065203673
    0.0012544741     0.0062808738    -0.0004268510    -0.0071084969
    0.0004268510     0.0064568542     0.0004268510    -0.0073105562
   -0.0004268510     0.0062808738     0.0012544742    -0.0071084969
   -0.0012544742     0.0057675656     0.0020072758    -0.0065203673
   -0.0020072758     0.0049572957     0.0026455113    -0.0055955312
   -0.0026455113     0.0039073693     0.0031409588    -0.0044028167
   -0.0031409588     0.0026821979     0.0034761598    -0.0030173989
   -0.0034761598     0.0013465095     0.0036416388    -0.0015119885
   -0.0036416388    -0.0000364392     0.0036330989     0.0000449791
   -0.0036330989    -0.0014022100     0.0034504920     0.0015848169
   -0.0034504920    -0.0026801574     0.0031001170     0.0030305325
   -0.0031001170    -0.0037874946     0.0025997667     0.0042878449
   -0.0025997667    -0.0046219838     0.0019855991     0.0052361513
   -0.0019855991    -0.0050500855     0.0013185801     0.0057171045
   -0.0013185801    -0.0048926107     0.0006872748     0.0055239161
   -0.0006872748    -0.0039057348     0.0002059058     0.0043871038
   -0.0002059058    -0.0017935232     0.0000000000     0.0019994289
    0.0000000000    -0.0019994289    -0.0001307897     0.0021302186
    0.0001307897    -0.0043871037    -0.0004766254     0.0047329394
    0.0004766254    -0.0055239160    -0.0009618588     0.0060091494
    0.0009618588    -0.0057171044    -0.0015001932     0.0062554388
    0.0015001932    -0.0052361512    -0.0020161007     0.0057520588
    0.0020161007    -0.0042878448    -0.0024538535     0.0047255976
    0.0024538535    -0.0030305324    -0.0027780598     0.0033547388
    0.0027780598    -0.0015848168    -0.0029688805     0.0017756374
    0.0029688805    -0.0000449790    -0.0030160144     0.0000921129
    0.0030160144     0.0015119885    -0.0029142625    -0.0016137404
    0.0029142625     0.0030173989    -0.0026621007    -0.0032695608
    0.0026621007     0.0044028167    -0.0022632513    -0.0048016661
    0.0022632513     0.0055955311    -0.0017300839    -0.0061286985
    0.0017300839     0.0065203673    -0.0010868831    -0.0071635681
    0.0010868831     0.0071084969    -0.0003708185    -0.0078245614
    0.0003708185     0.0073105562     0.0003708185    -0.0080521932
   -0.0003708185     0.0071084969     0.0010868831    -0.0078245615
   -0.0010868831     0.0065203673     0.0017300839    -0.0071635681
   -0.0017300839     0.0055955312     0.0022632513    -0.0061286986
   -0.0022632513     0.0044028167     0.0026621007    -0.0048016661
   -0.0026621007     0.0030173989     0.0029142625    -0.0032695608
   -0.0029142625     0.0015119885     0.0030160144    -0.0016137404
   -0.0030160144    -0.0000449791     0.0029688805     0.0000921130
   -0.0029688805    -0.0015848169     0.0027780599     0.0017756375
   -0.0027780599    -0.0030305325     0.0024538535     0.0033547388
   -0.0024538535    -0.0042878449     0.0020161007     0.0047255977
   -0.0020161007    -0.0052361513     0.0015001932     0.0057520589
   -0.0015001932    -0.0057171045     0.0009618588     0.0062554389
   -0.0009618588    -0.0055239161     0.0004766254     0.0060091495
   -0.0004766254    -0.0043871038     0.0001307897     0.0047329394
   -0.0001307897    -0.0019994289     0.0000000000     0.0021302187
    0.0000000000    -0.0021302186    -0.0000579636     0.0021881823
    0.0000579636    -0.0047329394    -0.0002646368     0.0049396125
    0.0002646368    -0.0060091494    -0.0005952463     0.0063397589
    0.0005952463    -0.0062554388    -0.0009952150     0.0066554075
    0.0009952150    -0.0057520588    -0.0014050651     0.0061619089
    0.0014050651    -0.0047255976    -0.0017753983     0.0050959307
    0.0017753983    -0.0033547388    -0.0020712422     0.0036505827
    0.0020712422    -0.0017756374    -0.0022698257     0.0019742209
    0.0022698257    -0.0000921129    -0.0023561522     0.0001784394
    0.0023561522     0.0016137404    -0.0023195823    -0.0016503103
    0.0023195823     0.0032695608    -0.0021530060    -0.0034361370
    0.0021530060     0.0048016661    -0.0018547794    -0.0050998927
    0.0018547794     0.0061286985    -0.0014324297    -0.0065510482
    0.0014324297     0.0071635681    -0.0009062205    -0.0076897773
    0.0009062205     0.0078245614    -0.0003102856    -0.0084204963
    0.0003102856     0.0080521932     0.0003102855    -0.0086727644
   -0.0003102855     0.0078245615     0.0009062204    -0.0084204964
   -0.0009062204     0.0071635681     0.0014324297    -0.0076897774
   -0.0014324297     0.0061286986     0.0018547794    -0.0065510482
   -0.0018547794     0.0048016661     0.0021530060    -0.0050998927
   -0.0021530060     0.0032695608     0.0023195823    -0.0034361370
   -0.0023195823     0.0016137404     0.0023561522    -0.0016503103
   -0.0023561522    -0.0000921130     0.0022698257     0.0001784394
   -0.0022698257    -0.0017756375     0.0020712422     0.0019742210
   -0.0020712422    -0.0033547388     0.0017753983     0.0036505828
   -0.0017753983    -0.0047255977     0.0014050652     0.0050959308
   -0.0014050652    -0.0057520589     0.0009952150     0.0061619090
   -0.0009952150    -0.0062554389     0.0005952463     0.0066554076
   -0.0005952463    -0.0060091495     0.0002646368     0.0063397590
   -0.0002646368    -0.0047329394     0.0000579636     0.0049396126
   -0.0000579636    -0.0021302187     0.0000000000     0.0021881823
    0.0000000000    -0.0021881823     0.0000072840     0.0021808983
   -0.0000072840    -0.0049396125    -0.0000664050     0.0050133015
    0.0000664050    -0.0063397589    -0.0002433132     0.0065166671
    0.0002433132    -0.0066554075    -0.0005017723     0.0069138665
    0.0005017723    -0.0061619089    -0.0008006792     0.0064608158
    0.0008006792    -0.0050959307    -0.0010984611     0.0053937126
    0.0010984611    -0.0036505827    -0.0013611122     0.0039132338
    0.0013611122    -0.0019742209    -0.0015630245     0.0021761333
    0.0015630245    -0.0001784394    -0.0016846389     0.0003000538
    0.0016846389     0.0016503103    -0.0017102401    -0.0016247092
    0.0017102401     0.0034361370    -0.0016276580    -0.0035187191
    0.0016276580     0.0050998927    -0.0014303668    -0.0052971839
    0.0014303668     0.0065510482    -0.0011212878    -0.0068601272
    0.0011212878     0.0076897773    -0.0007165123    -0.0080945529
    0.0007165123     0.0084204963    -0.0002465660    -0.0088904426
    0.0002465660     0.0086727644     0.0002465660    -0.0091658963
   -0.0002465660     0.0084204964     0.0007165122    -0.0088904426
   -0.0007165122     0.0076897774     0.0011212878    -0.0080945530
   -0.0011212878     0.0065510482     0.0014303668    -0.0068601272
   -0.0014303668     0.0050998927     0.0016276579    -0.0052971839
   -0.0016276579     0.0034361370     0.0017102401    -0.0035187192
   -0.0017102401     0.0016503103     0.0016846389    -0.0016247092
   -0.0016846389    -0.0001784394     0.0015630245     0.0003000538
   -0.0015630245    -0.0019742210     0.0013611122     0.0021761333
   -0.0013611122    -0.0036505828     0.0010984611     0.0039132339
   -0.0010984611    -0.0050959308     0.0008006792     0.0053937127
   -0.0008006792    -0.0061619090     0.0005017723     0.0064608159
   -0.0005017723    -0.0066554076     0.0002433132     0.0069138667
   -0.0002433132    -0.0063397590     0.0000664050     0.0065166672
   -0.0000664050    -0.0049396126    -0.0000072840     0.0050133016
    0.0000072840    -0.0021881823     0.0000000000     0.0021808983
    0.0000000000    -0.0021808983     0.0000618477     0.0021190506
   -0.0000618477    -0.0050133015     0.0001079032     0.0049672460
   -0.0001079032    -0.0065166671     0.0000762145     0.0065483558
   -0.0000762145    -0.0069138665    -0.0000432283     0.0070333094
    0.0000432283    -0.0064608158    -0.0002291497     0.0066467372
    0.0002291497    -0.0053937126    -0.0004495291     0.0056140919
    0.0004495291    -0.0039132338    -0.0006726208     0.0041363255
    0.0006726208    -0.0021761333    -0.0008708761     0.0023743886
    0.0008708761    -0.0003000538    -0.0010209009     0.0004500786
    0.0010209009     0.0016247092    -0.0011025894    -0.0015430207
    0.0011025894     0.0035187191    -0.0010993494    -0.0035219591
    0.0010993494     0.0052971839    -0.0010002756    -0.0053962577
    0.0010002756     0.0068601272    -0.0008039253    -0.0070564774
    0.0008039253     0.0080945529    -0.0005220821    -0.0083763962
    0.0005220821     0.0088904426    -0.0001810933    -0.0092314314
    0.0001810933     0.0091658963     0.0001810932    -0.0095280828
   -0.0001810932     0.0088904426     0.0005220820    -0.0092314314
   -0.0005220820     0.0080945530     0.0008039253    -0.0083763962
   -0.0008039253     0.0068601272     0.0010002755    -0.0070564775
   -0.0010002755     0.0052971839     0.0010993494    -0.0053962578
   -0.0010993494     0.0035187192     0.0011025894    -0.0035219592
   -0.0011025894     0.0016247092     0.0010209009    -0.0015430207
   -0.0010209009    -0.0003000538     0.0008708761     0.0004500786
   -0.0008708761    -0.0021761333     0.0006726208     0.0023743887
   -0.0006726208    -0.0039132339     0.0004495291     0.0041363256
   -0.0004495291    -0.0053937127     0.0002291498     0.0056140920
   -0.0002291498    -0.0064608159     0.0000432283     0.0066467373
   -0.0000432283    -0.0069138667    -0.0000762145     0.0070333095
    0.0000762145    -0.0065166672    -0.0001079032     0.0065483559
    0.0001079032    -0.0050133016    -0.0000618477     0.0049672461
    0.0000618477    -0.0021808983     0.0000000000     0.0021190506
    0.0000000000    -0.0021190506     0.0001044429     0.0020146077
   -0.0001044429    -0.0049672460     0.0002524783     0.0048192106
   -0.0002524783    -0.0065483558     0.0003517380     0.0064490961
   -0.0003517380    -0.0070333094     0.0003638284     0.0070212191
   -0.0003638284    -0.0066467372     0.0002898105     0.0067207551
   -0.0002898105    -0.0056140919     0.0001505076     0.0057533948
   -0.0001505076    -0.0041363255    -0.0000263377     0.0043131707
    0.0000263377    -0.0023743886    -0.0002126820     0.0025607329
    0.0002126820    -0.0004500786    -0.0003824248     0.0006198215
    0.0003824248     0.0015430207    -0.0005119549    -0.0014134906
    0.0005119549     0.0035219591    -0.0005809663    -0.0034529477
    0.0005809663     0.0053962577    -0.0005747165    -0.0054025075
    0.0005747165     0.0070564774    -0.0004877079    -0.0071434860
    0.0004877079     0.0083763962    -0.0003273637    -0.0085367404
    0.0003273637     0.0092314314    -0.0001153456    -0.0094434495
    0.0001153456     0.0095280828     0.0001153455    -0.0097587740
   -0.0001153455     0.0092314314     0.0003273637    -0.0094434495
   -0.0003273637     0.0083763962     0.0004877079    -0.0085367404
   -0.0004877079     0.0070564775     0.0005747165    -0.0071434861
   -0.0005747165     0.0053962578     0.0005809663    -0.0054025076
   -0.0005809663     0.0035219592     0.0005119549    -0.0034529478
   -0.0005119549     0.0015430207     0.0003824248    -0.0014134906
   -0.0003824248    -0.0004500786     0.0002126820     0.0006198215
   -0.0002126820    -0.0023743887     0.0000263377     0.0025607330
   -0.0000263377    -0.0041363256    -0.0001505076     0.0043131708
    0.0001505076    -0.0056140920    -0.0002898105     0.0057533949
    0.0002898105    -0.0066467373    -0.0003638284     0.0067207553
    0.0003638284    -0.0070333095    -0.0003517380     0.0070212192
    0.0003517380    -0.0065483559    -0.0002524783     0.0064490962
    0.0002524783    -0.0049672461    -0.0001044429     0.0048192106
    0.0001044429    -0.0021190506     0.0000000000     0.0020146077
    0.0000000000    -0.0020146077     0.0001351806     0.0018794270
   -0.0001351806    -0.0048192106     0.0003651696     0.0045892216
   -0.0003651696    -0.0064490961     0.0005770514     0.0062372143
   -0.0005770514    -0.0070212191     0.0007088965     0.0068893739
   -0.0007088965    -0.0067207551     0.0007423418     0.0066873099
   -0.0007423418    -0.0057533948     0.0006857955     0.0058099411
   -0.0006857955    -0.0043131707     0.0005611563     0.0044378099
   -0.0005611563    -0.0025607329     0.0003952280     0.0027266613
   -0.0003952280    -0.0006198215     0.0002154331     0.0007996163
   -0.0002154331     0.0014134906     0.0000478436    -0.0012459011
   -0.0000478436     0.0034529477    -0.0000843315    -0.0033207726
    0.0000843315     0.0054025075    -0.0001631559    -0.0053236832
    0.0001631559     0.0071434860    -0.0001795048    -0.0071271371
    0.0001795048     0.0085367404    -0.0001365061    -0.0085797391
    0.0001365061     0.0094434495    -0.0000507086    -0.0095292470
    0.0000507086     0.0097587740     0.0000507085    -0.0098601911
   -0.0000507085     0.0094434495     0.0001365060    -0.0095292471
   -0.0001365060     0.0085367404     0.0001795048    -0.0085797392
   -0.0001795048     0.0071434861     0.0001631558    -0.0071271372
   -0.0001631558     0.0054025076     0.0000843315    -0.0053236832
   -0.0000843315     0.0034529478    -0.0000478436    -0.0033207727
    0.0000478436     0.0014134906    -0.0002154331    -0.0012459011
    0.0002154331    -0.0006198215    -0.0003952280     0.0007996164
    0.0003952280    -0.0025607330    -0.0005611563     0.0027266613
    0.0005611563    -0.0043131708    -0.0006857955     0.0044378100
    0.0006857955    -0.0057533949    -0.0007423418     0.0058099412
    0.0007423418    -0.0067207553    -0.0007088965     0.0066873100
    0.0007088965    -0.0070212192    -0.0005770514     0.0068893740
    0.0005770514    -0.0064490962    -0.0003651696     0.0062372144
    0.0003651696    -0.0048192106    -0.0001351806     0.0045892217
    0.0001351806    -0.0020146077     0.0000000000     0.0018794271
    0.0000000000    -0.0018794270     0.0001551443     0.0017242828
   -0.0001551443    -0.0045892216     0.0004467342     0.0042976317
   -0.0004467342    -0.0062372143     0.0007505978     0.0059333508
   -0.0007505978    -0.0068893739     0.0009870399     0.0066529317
   -0.0009870399    -0.0066873099     0.0011202129     0.0065541370
   -0.0011202129    -0.0058099411     0.0011455985     0.0057845555
   -0.0011455985    -0.0044378099     0.0010776448     0.0045057636
   -0.0010776448    -0.0027266613     0.0009401373     0.0028641687
   -0.0009401373    -0.0007996163     0.0007602946     0.0009794591
   -0.0007602946     0.0012459011     0.0005654488    -0.0010510552
   -0.0005654488     0.0033207726     0.0003807487    -0.0031360726
   -0.0003807487     0.0053236832     0.0002265259    -0.0051694604
   -0.0002265259     0.0071271371     0.0001149568    -0.0070155680
   -0.0001149568     0.0085797391     0.0000470283    -0.0085118106
   -0.0000470283     0.0095292470     0.0000116607    -0.0094938794
   -0.0000116607     0.0098601911    -0.0000116608    -0.0098368695
    0.0000116608     0.0095292471    -0.0000470284    -0.0094938795
    0.0000470284     0.0085797392    -0.0001149569    -0.0085118107
    0.0001149569     0.0071271372    -0.0002265259    -0.0070155681
    0.0002265259     0.0053236832    -0.0003807487    -0.0051694605
    0.0003807487     0.0033207727    -0.0005654488    -0.0031360726
    0.0005654488     0.0012459011    -0.0007602946    -0.0010510553
    0.0007602946    -0.0007996164    -0.0009401373     0.0009794591
    0.0009401373    -0.0027266613    -0.0010776448     0.0028641688
    0.0010776448    -0.0044378100    -0.0011455985     0.0045057637
    0.0011455985    -0.0058099412    -0.0011202129     0.0057845556
    0.0011202129    -0.0066873100    -0.0009870400     0.0065541371
    0.0009870400    -0.0068893740    -0.0007505978     0.0066529318
    0.0007505978    -0.0062372144    -0.0004467342     0.0059333509
    0.0004467342    -0.0045892217    -0.0001551443     0.0042976318
    0.0001551443    -0.0018794271     0.0000000000     0.0017242828
    0.0000000000    -0.0017242828     0.0001660008     0.0015582820
   -0.0001660008    -0.0042976317     0.0005000589     0.0039635736
   -0.0005000589    -0.0059333508     0.0008746414     0.0055587682
   -0.0008746414    -0.0066529317     0.0011983146     0.0063292586
   -0.0011983146    -0.0065541370     0.0014206411     0.0063318104
   -0.0014206411    -0.0057845555     0.0015245174     0.0056806792
   -0.0015245174    -0.0045057636     0.0015158259     0.0045144551
   -0.0015158259    -0.0028641687     0.0014137206     0.0029662740
   -0.0014137206    -0.0009794591     0.0012436490     0.0011495306
   -0.0012436490     0.0010510552     0.0010328577    -0.0008402639
   -0.0010328577     0.0031360726     0.0008072866    -0.0029105015
   -0.0008072866     0.0051694604     0.0005886840    -0.0049508578
   -0.0005886840     0.0070155680     0.0003915596    -0.0068184435
   -0.0003915596     0.0085118106     0.0002207417    -0.0083409927
   -0.0002207417     0.0094938794     0.0000709257    -0.0093440634
   -0.0000709257     0.0098368695    -0.0000709258    -0.0096950181
    0.0000709258     0.0094938795    -0.0002207417    -0.0093440635
    0.0002207417     0.0085118107    -0.0003915596    -0.0083409928
    0.0003915596     0.0070155681    -0.0005886841    -0.0068184437
    0.0005886841     0.0051694605    -0.0008072866    -0.0049508579
    0.0008072866     0.0031360726    -0.0010328577    -0.0029105016
    0.0010328577     0.0010510553    -0.0012436490    -0.0008402639
    0.0012436490    -0.0009794591    -0.0014137206     0.0011495307
    0.0014137206    -0.0028641688    -0.0015158259     0.0029662741
    0.0015158259    -0.0045057637    -0.0015245174     0.0045144552
    0.0015245174    -0.0057845556    -0.0014206411     0.0056806793
    0.0014206411    -0.0065541371    -0.0011983146     0.0063318106
    0.0011983146    -0.0066529318    -0.0008746414     0.0063292587
    0.0008746414    -0.0059333509    -0.0005000589     0.0055587683
    0.0005000589    -0.0042976318    -0.0001660008     0.0039635737
    0.0001660008    -0.0017242828     0.0000000000     0.0015582820
    0.0000000000    -0.0015582820     0.0001696639     0.0013886181
   -0.0001696639    -0.0039635736     0.0005293752     0.0036038623
   -0.0005293752    -0.0055587682     0.0009543126     0.0051338309
   -0.0009543126    -0.0063292586     0.0013469786     0.0059365925
   -0.0013469786    -0.0063318104     0.0016458663     0.0060329228
   -0.0016458663    -0.0056806792     0.0018224662     0.0055040793
   -0.0018224662    -0.0045144551     0.0018736177     0.0044633035
   -0.0018736177    -0.0029662740     0.0018125538     0.0030273380
   -0.0018125538    -0.0011495306     0.0016614409     0.0013006436
   -0.0016614409     0.0008402639     0.0014459826    -0.0006248057
   -0.0014459826     0.0029105015     0.0011915826    -0.0026561015
   -0.0011915826     0.0049508578     0.0009202604    -0.0046795356
   -0.0009202604     0.0068184435     0.0006480291    -0.0065462123
   -0.0006480291     0.0083409927     0.0003832307    -0.0080761943
   -0.0003832307     0.0093440634     0.0001266113    -0.0090874441
   -0.0001266113     0.0096950181    -0.0001266114    -0.0094417954
    0.0001266114     0.0093440635    -0.0003832307    -0.0090874441
    0.0003832307     0.0083409928    -0.0006480291    -0.0080761944
    0.0006480291     0.0068184437    -0.0009202604    -0.0065462124
    0.0009202604     0.0049508579    -0.0011915826    -0.0046795357
    0.0011915826     0.0029105016    -0.0014459826    -0.0026561016
    0.0014459826     0.0008402639    -0.0016614409    -0.0006248057
    0.0016614409    -0.0011495307    -0.0018125538     0.0013006436
    0.0018125538    -0.0029662741    -0.0018736177     0.0030273380
    0.0018736177    -0.0045144552    -0.0018224662     0.0044633036
    0.0018224662    -0.0056806793    -0.0016458663     0.0055040794
    0.0016458663    -0.0063318106    -0.0013469786     0.0060329229
    0.0013469786    -0.0063292587    -0.0009543126     0.0059365927
    0.0009543126    -0.0055587683    -0.0005293752     0.0051338310
    0.0005293752    -0.0039635737    -0.0001696639     0.0036038624
    0.0001696639    -0.0015582820     0.0000000000     0.0013886181
    0.0000000000    -0.0013886181     0.0001680216     0.0012205965
   -0.0001680216    -0.0036038623     0.0005395121     0.0032323718
   -0.0005395121    -0.0051338309     0.0009965459     0.0046767971
   -0.0009965459    -0.0059365925     0.0014404299     0.0054927085
   -0.0014404299    -0.0060329228     0.0018023278     0.0056710249
   -0.0018023278    -0.0055040793     0.0020441777     0.0052622294
   -0.0020441777    -0.0044633035     0.0021539575     0.0043535238
   -0.0021539575    -0.0030273380     0.0021381056     0.0030431899
   -0.0021381056    -0.0013006436     0.0020141418     0.0014246074
   -0.0020141418     0.0006248057     0.0018047206    -0.0004153845
   -0.0018047206     0.0026561015     0.0015332514    -0.0023846322
   -0.0015332514     0.0046795356     0.0012207641    -0.0043670483
   -0.0012207641     0.0065462123     0.0008838910    -0.0062093391
   -0.0008838910     0.0080761943     0.0005341476    -0.0077264509
   -0.0005341476     0.0090874441     0.0001785891    -0.0087318856
   -0.0001785891     0.0094417954    -0.0001785891    -0.0090846171
    0.0001785891     0.0090874441    -0.0005341476    -0.0087318856
    0.0005341476     0.0080761944    -0.0008838910    -0.0077264510
    0.0008838910     0.0065462124    -0.0012207641    -0.0062093393
    0.0012207641     0.0046795357    -0.0015332514    -0.0043670485
    0.0015332514     0.0026561016    -0.0018047206    -0.0023846323
    0.0018047206     0.0006248057    -0.0020141418    -0.0004153846
    0.0020141418    -0.0013006436    -0.0021381056     0.0014246074
    0.0021381056    -0.0030273380    -0.0021539575     0.0030431899
    0.0021539575    -0.0044633036    -0.0020441777     0.0043535238
    0.0020441777    -0.0055040794    -0.0018023278     0.0052622295
    0.0018023278    -0.0060329229    -0.0014404299     0.0056710250
    0.0014404299    -0.0059365927    -0.0009965459     0.0054927087
    0.0009965459    -0.0051338310    -0.0005395121     0.0046767972
    0.0005395121    -0.0036038624    -0.0001680216     0.0032323719
    0.0001680216    -0.0013886181     0.0000000000     0.0012205965
    0.0000000000    -0.0012205965     0.0001627371     0.0010578594
   -0.0001627371    -0.0032323718     0.0005352428     0.0028598661
   -0.0005352428    -0.0046767971     0.0010090022     0.0042030377
   -0.0010090022    -0.0054927085     0.0014879369     0.0050137739
   -0.0014879369    -0.0056710249     0.0018994511     0.0052595107
   -0.0018994511    -0.0052622294     0.0021981885     0.0049634920
   -0.0021981885    -0.0043535238     0.0023640077     0.0041877045
   -0.0023640077    -0.0030431899     0.0023961129     0.0030110847
   -0.0023961129    -0.0014246074     0.0023062240     0.0015144962
   -0.0023062240     0.0004153845     0.0021124722    -0.0002216327
   -0.0021124722     0.0023846322     0.0018347697    -0.0021069296
   -0.0018347697     0.0043670483     0.0014918666    -0.0040241453
   -0.0014918666     0.0062093391     0.0011001468    -0.0058176194
   -0.0011001468     0.0077264509     0.0006739910    -0.0073002951
   -0.0006739910     0.0087318856     0.0002270047    -0.0082848993
   -0.0002270047     0.0090846171    -0.0002270047    -0.0086306077
    0.0002270047     0.0087318856    -0.0006739910    -0.0082848994
    0.0006739910     0.0077264510    -0.0011001468    -0.0073002952
    0.0011001468     0.0062093393    -0.0014918666    -0.0058176195
    0.0014918666     0.0043670485    -0.0018347697    -0.0040241454
    0.0018347697     0.0023846323    -0.0021124722    -0.0021069297
    0.0021124722     0.0004153846    -0.0023062240    -0.0002216328
    0.0023062240    -0.0014246074    -0.0023961129     0.0015144962
    0.0023961129    -0.0030431899    -0.0023640077     0.0030110848
    0.0023640077    -0.0043535238    -0.0021981885     0.0041877046
    0.0021981885    -0.0052622295    -0.0018994511     0.0049634921
    0.0018994511    -0.0056710250    -0.0014879369     0.0052595108
    0.0014879369    -0.0054927087    -0.0010090022     0.0050137740
    0.0010090022    -0.0046767972    -0.0005352428     0.0042030378
    0.0005352428    -0.0032323719    -0.0001627371     0.0028598662
    0.0001627371    -0.0012205965     0.0000000000     0.0010578594
    0.0000000000    -0.0010578594     0.0001551299     0.0009027294
   -0.0001551299    -0.0028598661     0.0005207865     0.0024942095
   -0.0005207865    -0.0042030377     0.0009991014     0.0037247227
   -0.0009991014    -0.0050137739     0.0014993226     0.0045135528
   -0.0014993226    -0.0052595107     0.0019481904     0.0048106428
   -0.0019481904    -0.0049634920     0.0022954085     0.0046162739
   -0.0022954085    -0.0041877045     0.0025138355     0.0039692776
   -0.0025138355    -0.0030110847     0.0025953808     0.0029295394
   -0.0025953808    -0.0015144962     0.0025450608     0.0015648163
   -0.0025450608     0.0002216327     0.0023751299    -0.0000517019
   -0.0023751299     0.0021069296     0.0021005661    -0.0018323658
   -0.0021005661     0.0040241453     0.0017366277    -0.0036602068
   -0.0017366277     0.0058176194     0.0012986825    -0.0053796742
   -0.0012986825     0.0073002951     0.0008037345    -0.0068053470
   -0.0008037345     0.0082848993     0.0002721517    -0.0077533165
   -0.0002721517     0.0086306077    -0.0002721517    -0.0080863043
    0.0002721517     0.0082848994    -0.0008037345    -0.0077533166
    0.0008037345     0.0073002952    -0.0012986825    -0.0068053472
    0.0012986825     0.0058176195    -0.0017366277    -0.0053796744
    0.0017366277     0.0040241454    -0.0021005661    -0.0036602069
    0.0021005661     0.0021069297    -0.0023751299    -0.0018323659
    0.0023751299     0.0002216328    -0.0025450608    -0.0000517019
    0.0025450608    -0.0015144962    -0.0025953808     0.0015648163
    0.0025953808    -0.0030110848    -0.0025138355     0.0029295394
    0.0025138355    -0.0041877046    -0.0022954085     0.0039692776
    0.0022954085    -0.0049634921    -0.0019481904     0.0046162740
    0.0019481904    -0.0052595108    -0.0014993226     0.0048106429
    0.0014993226    -0.0050137740    -0.0009991014     0.0045135529
    0.0009991014    -0.0042030378    -0.0005207865     0.0037247228
    0.0005207865    -0.0028598662    -0.0001551299     0.0024942096
    0.0001551299    -0.0010578594     0.0000000000     0.0009027295
    0.0000000000    -0.0009027294     0.0001461393     0.0007565901
   -0.0001461393    -0.0024942095     0.0004995104     0.0021408385
   -0.0004995104    -0.0037247227     0.0009732890     0.0032509441
   -0.0009732890    -0.0045135528     0.0014837923     0.0040030494
   -0.0014837923    -0.0048106428     0.0019595453     0.0043348898
   -0.0019595453    -0.0046162739     0.0023474858     0.0042283334
   -0.0023474858    -0.0039692776     0.0026147444     0.0037020189
   -0.0026147444    -0.0029295394     0.0027461506     0.0027981332
   -0.0027461506    -0.0015648163     0.0027393681     0.0015715988
   -0.0027393681     0.0000517019     0.0025996271     0.0000880392
   -0.0025996271     0.0018323658     0.0023357223    -0.0015684611
   -0.0023357223     0.0036602068     0.0019584057    -0.0032828902
   -0.0019584057     0.0053796742     0.0014814437    -0.0049027122
   -0.0014814437     0.0068053470     0.0009243137    -0.0062482171
   -0.0009243137     0.0077533165     0.0003142972    -0.0071433000
   -0.0003142972     0.0080863043    -0.0003142972    -0.0074577099
    0.0003142972     0.0077533166    -0.0009243137    -0.0071433001
    0.0009243137     0.0068053472    -0.0014814437    -0.0062482172
    0.0014814437     0.0053796744    -0.0019584057    -0.0049027123
    0.0019584057     0.0036602069    -0.0023357223    -0.0032828903
    0.0023357223     0.0018323659    -0.0025996271    -0.0015684612
    0.0025996271     0.0000517019    -0.0027393681     0.0000880391
    0.0027393681    -0.0015648163    -0.0027461506     0.0015715988
    0.0027461506    -0.0029295394    -0.0026147444     0.0027981332
    0.0026147444    -0.0039692776    -0.0023474858     0.0037020190
    0.0023474858    -0.0046162740    -0.0019595453     0.0042283335
    0.0019595453    -0.0048106429    -0.0014837923     0.0043348899
    0.0014837923    -0.0045135529    -0.0009732890     0.0040030495
    0.0009732890    -0.0037247228    -0.0004995104     0.0032509442
    0.0004995104    -0.0024942096    -0.0001461393     0.0021408385
    0.0001461393    -0.0009027295     0.0000000000     0.0007565901
    0.0000000000    -0.0007565901     0.0001363618     0.0006202284
   -0.0001363618    -0.0021408385     0.0004738400     0.0018033602
   -0.0004738400    -0.0032509441     0.0009366076     0.0027881765
   -0.0009366076    -0.0040030494     0.0014490541     0.0034906030
   -0.0014490541    -0.0043348898     0.0019432583     0.0038406856
   -0.0019432583    -0.0042283334     0.0023651926     0.0038063991
   -0.0023651926    -0.0037020189     0.0026774781     0.0033897334
   -0.0026774781    -0.0027981332     0.0028582277     0.0026173836
   -0.0028582277    -0.0015715988     0.0028973457     0.0015324808
   -0.0028973457    -0.0000880392     0.0027921724     0.0001932125
   -0.0027921724     0.0015684611     0.0025443812    -0.0013206699
   -0.0025443812     0.0032828902     0.0021595208    -0.0028980297
   -0.0021595208     0.0049027122     0.0016494257    -0.0043926171
   -0.0016494257     0.0062482171     0.0010359977    -0.0056347890
   -0.0010359977     0.0071433000     0.0003534689    -0.0064607712
   -0.0003534689     0.0074577099    -0.0003534689    -0.0067507722
    0.0003534689     0.0071433001    -0.0010359977    -0.0064607713
    0.0010359977     0.0062482172    -0.0016494257    -0.0056347892
    0.0016494257     0.0049027123    -0.0021595208    -0.0043926173
    0.0021595208     0.0032828903    -0.0025443812    -0.0028980299
    0.0025443812     0.0015684612    -0.0027921724    -0.0013206700
    0.0027921724    -0.0000880391    -0.0028973457     0.0001932124
    0.0028973457    -0.0015715988    -0.0028582277     0.0015324808
    0.0028582277    -0.0027981332    -0.0026774781     0.0026173837
    0.0026774781    -0.0037020190    -0.0023651926     0.0033897335
    0.0023651926    -0.0042283335    -0.0019432583     0.0038063992
    0.0019432583    -0.0043348899    -0.0014490541     0.0038406858
    0.0014490541    -0.0040030495    -0.0009366076     0.0034906031
    0.0009366076    -0.0032509442    -0.0004738400     0.0027881766
    0.0004738400    -0.0021408385    -0.0001363618     0.0018033603
    0.0001363618    -0.0007565901     0.0000000000     0.0006202284
    0.0000000000    -0.0006202284     0.0001261354     0.0004940930
   -0.0001261354    -0.0018033602     0.0004453273     0.0014841683
   -0.0004453273    -0.0027881765     0.0008925442     0.0023409596
   -0.0008925442    -0.0034906030     0.0014007670     0.0029823801
   -0.0014007670    -0.0038406856     0.0019067999     0.0033346527
   -0.0019067999    -0.0038063991     0.0023569906     0.0033562083
   -0.0023569906    -0.0033897334     0.0027104676     0.0030362564
   -0.0027104676    -0.0026173836     0.0029390365     0.0023888148
   -0.0029390365    -0.0015324808     0.0030246640     0.0014468532
   -0.0030246640    -0.0001932125     0.0029562896     0.0002615869
   -0.0029562896     0.0013206699     0.0027279565    -0.0010923368
   -0.0027279565     0.0028980297     0.0023397399    -0.0025098131
   -0.0023397399     0.0043926171     0.0018015244    -0.0038544017
   -0.0018015244     0.0056347890     0.0011376719    -0.0049709365
   -0.0011376719     0.0064607712     0.0003892113    -0.0057123106
   -0.0003892113     0.0067507722    -0.0003892113    -0.0059723496
    0.0003892113     0.0064607713    -0.0011376719    -0.0057123107
    0.0011376719     0.0056347892    -0.0018015244    -0.0049709367
    0.0018015244     0.0043926173    -0.0023397399    -0.0038544018
    0.0023397399     0.0028980299    -0.0027279565    -0.0025098132
    0.0027279565     0.0013206700    -0.0029562896    -0.0010923369
    0.0029562896    -0.0001932124    -0.0030246641     0.0002615869
    0.0030246641    -0.0015324808    -0.0029390365     0.0014468532
    0.0029390365    -0.0026173837    -0.0027104676     0.0023888148
    0.0027104676    -0.0033897335    -0.0023569906     0.0030362565
    0.0023569906    -0.0038063992    -0.0019067999     0.0033562084
    0.0019067999    -0.0038406858    -0.0014007670     0.0033346529
    0.0014007670    -0.0034906031    -0.0008925442     0.0029823802
    0.0008925442    -0.0027881766    -0.0004453273     0.0023409597
    0.0004453273    -0.0018033603    -0.0001261354     0.0014841684
    0.0001261354    -0.0006202284     0.0000000000     0.0004940930
    0.0000000000    -0.0004940930     0.0001156198     0.0003784732
   -0.0001156198    -0.0014841683     0.0004147551     0.0011850330
   -0.0004147551    -0.0023409596     0.0008430008     0.0019127138
   -0.0008430008    -0.0029823801     0.0013421933     0.0024831877
   -0.0013421933    -0.0033346527     0.0018545762     0.0028222699
   -0.0018545762    -0.0033562083     0.0023277678     0.0028830167
   -0.0023277678    -0.0030362564     0.0027181612     0.0026458630
   -0.0027181612    -0.0023888148     0.0029916598     0.0021153162
   -0.0029916598    -0.0014468532     0.0031223580     0.0013161551
   -0.0031223580    -0.0002615869     0.0030907203     0.0002932246
   -0.0030907203     0.0010923368     0.0028831934    -0.0008848099
   -0.0028831934     0.0025098131     0.0024946277    -0.0021212473
   -0.0024946277     0.0038544017     0.0019332825    -0.0032930565
   -0.0019332825     0.0049709365     0.0012260563    -0.0042637103
   -0.0012260563     0.0057123106     0.0004203201    -0.0049065744
   -0.0004203201     0.0059723496    -0.0004203201    -0.0051317094
    0.0004203201     0.0057123107    -0.0012260563    -0.0049065745
    0.0012260563     0.0049709367    -0.0019332825    -0.0042637104
    0.0019332825     0.0038544018    -0.0024946277    -0.0032930567
    0.0024946277     0.0025098132    -0.0028831935    -0.0021212474
    0.0028831935     0.0010923369    -0.0030907203    -0.0008848100
    0.0030907203    -0.0002615869    -0.0031223580     0.0002932245
    0.0031223580    -0.0014468532    -0.0029916598     0.0013161550
    0.0029916598    -0.0023888148    -0.0027181612     0.0021153162
    0.0027181612    -0.0030362565    -0.0023277678     0.0026458631
    0.0023277678    -0.0033562084    -0.0018545762     0.0028830168
    0.0018545762    -0.0033346529    -0.0013421933     0.0028222700
    0.0013421933    -0.0029823802    -0.0008430009     0.0024831878
    0.0008430009    -0.0023409597    -0.0004147551     0.0019127139
    0.0004147551    -0.0014841684    -0.0001156198     0.0011850331
    0.0001156198    -0.0004940930     0.0000000000     0.0003784733
    0.0000000000    -0.0003784732     0.0001047870     0.0002736862
   -0.0001047870    -0.0011850330     0.0003820933     0.0009077267
   -0.0003820933    -0.0019127138     0.0007881322     0.0015066749
   -0.0007881322    -0.0024831877     0.0012737773     0.0019975426
   -0.0012737773    -0.0028222699     0.0017871146     0.0023089326
   -0.0017871146    -0.0028830167     0.0022775633     0.0023925680
   -0.0022775633    -0.0026458630     0.0026993079     0.0022241183
   -0.0026993079    -0.0021153162     0.0030127818     0.0018018423
   -0.0030127818    -0.0013161551     0.0031845832     0.0011443537
   -0.0031845832    -0.0002932246     0.0031871713     0.0002906364
   -0.0031871713     0.0008848099     0.0030000823    -0.0006977209
   -0.0030000823     0.0021212473     0.0026137780    -0.0017349430
   -0.0026137780     0.0032930565     0.0020355539    -0.0027148325
   -0.0020355539     0.0042637103     0.0012948773    -0.0035230336
   -0.0012948773     0.0049065744     0.0004445623    -0.0040562595
   -0.0004445623     0.0051317094    -0.0004445623    -0.0042425848
    0.0004445623     0.0049065745    -0.0012948773    -0.0040562595
    0.0012948773     0.0042637104    -0.0020355540    -0.0035230337
    0.0020355540     0.0032930567    -0.0026137780    -0.0027148326
    0.0026137780     0.0021212474    -0.0030000824    -0.0017349431
    0.0030000824     0.0008848100    -0.0031871714    -0.0006977210
    0.0031871714    -0.0002932245    -0.0031845832     0.0002906364
    0.0031845832    -0.0013161550    -0.0030127819     0.0011443537
    0.0030127819    -0.0021153162    -0.0026993080     0.0018018423
    0.0026993080    -0.0026458631    -0.0022775633     0.0022241184
    0.0022775633    -0.0028830168    -0.0017871146     0.0023925681
    0.0017871146    -0.0028222700    -0.0012737773     0.0023089327
    0.0012737773    -0.0024831878    -0.0007881323     0.0019975427
    0.0007881323    -0.0019127139    -0.0003820934     0.0015066750
    0.0003820934    -0.0011850331    -0.0001047870     0.0009077268
    0.0001047870    -0.0003784733     0.0000000000     0.0002736862
    0.0000000000    -0.0002736862     0.0000932747     0.0001804115
   -0.0000932747    -0.0009077267     0.0003461854     0.0006548159
   -0.0003461854    -0.0015066749     0.0007258521     0.0011270082
   -0.0007258521    -0.0019975426     0.0011923937     0.0015310010
   -0.0011923937    -0.0023089326     0.0016999346     0.0018013918
   -0.0016999346    -0.0023925680     0.0021999737     0.0018925289
   -0.0021999737    -0.0022241183     0.0026449021     0.0017791899
   -0.0026449021    -0.0018018423     0.0029902705     0.0014564739
   -0.0029902705    -0.0011443537     0.0031960141     0.0009386102
   -0.0031960141    -0.0002906364     0.0032277431     0.0002589074
   -0.0032277431     0.0006977209     0.0030595257    -0.0005295035
   -0.0030595257     0.0017349430     0.0026788844    -0.0013543016
   -0.0026788844     0.0027148325     0.0020930829    -0.0021290311
   -0.0020930829     0.0035230336     0.0013340053    -0.0027639560
   -0.0013340053     0.0040562595     0.0004583875    -0.0031806417
   -0.0004583875     0.0042425848    -0.0004583876    -0.0033258097
    0.0004583876     0.0040562595    -0.0013340053    -0.0031806418
    0.0013340053     0.0035230337    -0.0020930829    -0.0027639561
    0.0020930829     0.0027148326    -0.0026788844    -0.0021290312
    0.0026788844     0.0017349431    -0.0030595258    -0.0013543017
    0.0030595258     0.0006977210    -0.0032277432    -0.0005295036
    0.0032277432    -0.0002906364    -0.0031960141     0.0002589074
    0.0031960141    -0.0011443537    -0.0029902706     0.0009386102
    0.0029902706    -0.0018018423    -0.0026449022     0.0014564739
    0.0026449022    -0.0022241184    -0.0021999738     0.0017791900
    0.0021999738    -0.0023925681    -0.0016999347     0.0018925290
    0.0016999347    -0.0023089327    -0.0011923938     0.0018013919
    0.0011923938    -0.0019975427    -0.0007258522     0.0015310011
    0.0007258522    -0.0015066750    -0.0003461855     0.0011270083
    0.0003461855    -0.0009077268    -0.0000932747     0.0006548160
    0.0000932747    -0.0002736862     0.0000000000     0.0001804116
    0.0000000000    -0.0001804115     0.0000800400     0.0001003715
   -0.0000800400    -0.0006548159     0.0003041314     0.0004307246
   -0.0003041314    -0.0011270082     0.0006509789     0.0007801607
   -0.0006509789    -0.0015310010     0.0010901913     0.0010917886
   -0.0010901913    -0.0018013918     0.0015819694     0.0013096136
   -0.0015819694    -0.0018925289     0.0020800692     0.0013944291
   -0.0020800692    -0.0017791899     0.0025356089     0.0013236503
   -0.0025356089    -0.0014564739     0.0029002480     0.0010918347
   -0.0029002480    -0.0009386102     0.0031287849     0.0007100733
   -0.0031287849    -0.0002589074     0.0031820036     0.0002056887
   -0.0031820036     0.0005295035     0.0030307803    -0.0003782803
   -0.0030307803     0.0013543016     0.0026617110    -0.0009852323
   -0.0026617110     0.0021290311     0.0020830722    -0.0015503923
   -0.0020830722     0.0027639560     0.0013286179    -0.0020095016
   -0.0013286179     0.0031806417     0.0004566550    -0.0023086789
   -0.0004566550     0.0033258097    -0.0004566550    -0.0024124996
    0.0004566550     0.0031806418    -0.0013286179    -0.0023086789
    0.0013286179     0.0027639561    -0.0020830723    -0.0020095017
    0.0020830723     0.0021290312    -0.0026617111    -0.0015503923
    0.0026617111     0.0013543017    -0.0030307804    -0.0009852323
    0.0030307804     0.0005295036    -0.0031820037    -0.0003782803
    0.0031820037    -0.0002589074    -0.0031287850     0.0002056887
    0.0031287850    -0.0009386102    -0.0029002482     0.0007100733
    0.0029002482    -0.0014564739    -0.0025356090     0.0010918347
    0.0025356090    -0.0017791900    -0.0020800693     0.0013236503
    0.0020800693    -0.0018925290    -0.0015819695     0.0013944292
    0.0015819695    -0.0018013919    -0.0010901913     0.0013096137
    0.0010901913    -0.0015310011    -0.0006509789     0.0010917887
    0.0006509789    -0.0011270083    -0.0003041314     0.0007801607
    0.0003041314    -0.0006548160    -0.0000800400     0.0004307247
    0.0000800400    -0.0001804116     0.0000000000     0.0001003715
    0.0000000000    -0.0001003715     0.0000632666     0.0000371049
   -0.0000632666    -0.0004307246     0.0002511896     0.0002428017
   -0.0002511896    -0.0007801607     0.0005549990     0.0004763513
   -0.0005549990    -0.0010917886     0.0009538989     0.0006928887
   -0.0009538989    -0.0013096136     0.0014140871     0.0008494254
   -0.0014140871    -0.0013944291     0.0018919469     0.0009165693
   -0.0018919469    -0.0013236503     0.0023383960     0.0008772011
   -0.0023383960    -0.0010918347     0.0027030696     0.0007271612
   -0.0027030696    -0.0007100733     0.0029382360     0.0004749068
   -0.0029382360    -0.0002056887     0.0030029591     0.0001409656
   -0.0030029591     0.0003782803     0.0028680285    -0.0002433497
   -0.0028680285     0.0009852323     0.0025214799    -0.0006386836
   -0.0025214799     0.0015503923     0.0019734269    -0.0010023393
   -0.0019734269     0.0020095016     0.0012582192    -0.0012942940
   -0.0012582192     0.0023086789     0.0004323221    -0.0014827818
   -0.0004323221     0.0024124996    -0.0004323221    -0.0015478555
    0.0004323221     0.0023086789    -0.0012582192    -0.0014827818
    0.0012582192     0.0020095017    -0.0019734269    -0.0012942940
    0.0019734269     0.0015503923    -0.0025214799    -0.0010023393
    0.0025214799     0.0009852323    -0.0028680286    -0.0006386836
    0.0028680286     0.0003782803    -0.0030029592    -0.0002433497
    0.0030029592    -0.0002056887    -0.0029382362     0.0001409656
    0.0029382362    -0.0007100733    -0.0027030697     0.0004749068
    0.0027030697    -0.0010918347    -0.0023383961     0.0007271612
    0.0023383961    -0.0013236503    -0.0018919470     0.0008772012
    0.0018919470    -0.0013944292    -0.0014140872     0.0009165694
    0.0014140872    -0.0013096137    -0.0009538989     0.0008494254
    0.0009538989    -0.0010917887    -0.0005549990     0.0006928887
    0.0005549990    -0.0007801607    -0.0002511896     0.0004763513
    0.0002511896    -0.0004307247    -0.0000632666     0.0002428017
    0.0000632666    -0.0001003715     0.0000000000     0.0000371049
    0.0000000000    -0.0000371049     0.0000403495    -0.0000032446
   -0.0000403495    -0.0002428017     0.0001813798     0.0001017713
   -0.0001813798    -0.0004763513     0.0004269263     0.0002308047
   -0.0004269263    -0.0006928887     0.0007652655     0.0003545495
   -0.0007652655    -0.0008494254     0.0011685674     0.0004461235
   -0.0011685674    -0.0009165693     0.0015970246     0.0004881122
   -0.0015970246    -0.0008772011     0.0020037812     0.0004704445
   -0.0020037812    -0.0007271612     0.0023399456     0.0003909967
   -0.0023399456    -0.0004749068     0.0025594707     0.0002553817
   -0.0025594707    -0.0001409656     0.0026240669     0.0000763694
   -0.0026240669     0.0002433497     0.0025081812    -0.0001274640
   -0.0025081812     0.0006386836     0.0022035366    -0.0003340390
   -0.0022035366     0.0010023393     0.0017221226    -0.0005209252
   -0.0017221226     0.0012942940     0.0010964314    -0.0006686029
   -0.0010964314     0.0014827818     0.0003764079    -0.0007627582
   -0.0003764079     0.0015478555    -0.0003764079    -0.0007950397
    0.0003764079     0.0014827818    -0.0010964315    -0.0007627582
    0.0010964315     0.0012942940    -0.0017221226    -0.0006686029
    0.0017221226     0.0010023393    -0.0022035367    -0.0005209252
    0.0022035367     0.0006386836    -0.0025081813    -0.0003340390
    0.0025081813     0.0002433497    -0.0026240670    -0.0001274640
    0.0026240670    -0.0001409656    -0.0025594708     0.0000763694
    0.0025594708    -0.0004749068    -0.0023399457     0.0002553817
    0.0023399457    -0.0007271612    -0.0020037813     0.0003909967
    0.0020037813    -0.0008772012    -0.0015970247     0.0004704445
    0.0015970247    -0.0009165694    -0.0011685675     0.0004881122
    0.0011685675    -0.0008494254    -0.0007652655     0.0004461235
    0.0007652655    -0.0006928887    -0.0004269264     0.0003545496
    0.0004269264    -0.0004763513    -0.0001813798     0.0002308048
    0.0001813798    -0.0002428017    -0.0000403495     0.0001017713
    0.0000403495    -0.0000371049     0.0000000000    -0.0000032446
    0.0000000000     0.0000032446     0.0000123068    -0.0000155514
   -0.0000123068    -0.0001017713     0.0000954254     0.0000186527
   -0.0000954254    -0.0002308047     0.0002623553     0.0000638748
   -0.0002623553    -0.0003545495     0.0005086119     0.0001082930
   -0.0005086119    -0.0004461235     0.0008131964     0.0001415390
   -0.0008131964    -0.0004881122     0.0011436957     0.0001576129
   -0.0011436957    -0.0004704445     0.0014610645     0.0001530757
   -0.0014610645    -0.0003909967     0.0017246046     0.0001274566
   -0.0017246046    -0.0002553817     0.0018968319     0.0000831544
   -0.0018968319    -0.0000763694     0.0019480758     0.0000251256
   -0.0019480758     0.0001274640     0.0018604590    -0.0000398472
   -0.0018604590     0.0003340390     0.0016306663    -0.0001042462
   -0.0016306663     0.0005209252     0.0012708203    -0.0001610792
   -0.0012708203     0.0006686029     0.0008071361    -0.0002049186
   -0.0008071361     0.0007627582     0.0002767075    -0.0002323296
   -0.0002767075     0.0007950397    -0.0002767075    -0.0002416247
    0.0002767075     0.0007627582    -0.0008071361    -0.0002323296
    0.0008071361     0.0006686029    -0.0012708203    -0.0002049186
    0.0012708203     0.0005209252    -0.0016306663    -0.0001610792
    0.0016306663     0.0003340390    -0.0018604591    -0.0001042462
    0.0018604591     0.0001274640    -0.0019480759    -0.0000398473
    0.0019480759    -0.0000763694    -0.0018968320     0.0000251256
    0.0018968320    -0.0002553817    -0.0017246047     0.0000831544
    0.0017246047    -0.0003909967    -0.0014610646     0.0001274567
    0.0014610646    -0.0004704445    -0.0011436957     0.0001530757
    0.0011436957    -0.0004881122    -0.0008131964     0.0001576129
    0.0008131964    -0.0004461235    -0.0005086119     0.0001415390
    0.0005086119    -0.0003545496    -0.0002623553     0.0001082930
    0.0002623553    -0.0002308048    -0.0000954254     0.0000638748
    0.0000954254    -0.0001017713    -0.0000123068     0.0000186527
    0.0000123068     0.0000032446     0.0000000000    -0.0000155514
    0.0000000000     0.0000155514    -0.0000155514     0.0000000000
    0.0000155514    -0.0000186527     0.0000031014     0.0000000000
   -0.0000031014    -0.0000638748     0.0000669762     0.0000000000
   -0.0000669762    -0.0001082930     0.0001752692     0.0000000000
   -0.0001752692    -0.0001415390     0.0003168081     0.0000000000
   -0.0003168081    -0.0001576129     0.0004744210     0.0000000000
   -0.0004744210    -0.0001530757     0.0006274967     0.0000000000
   -0.0006274967    -0.0001274566     0.0007549534     0.0000000000
   -0.0007549534    -0.0000831544     0.0008381077     0.0000000000
   -0.0008381077    -0.0000251256     0.0008632333     0.0000000000
   -0.0008632333     0.0000398472     0.0008233861     0.0000000000
   -0.0008233861     0.0001042462     0.0007191398     0.0000000000
   -0.0007191398     0.0001610792     0.0005580606     0.0000000000
   -0.0005580606     0.0002049186     0.0003531420     0.0000000000
   -0.0003531420     0.0002323296     0.0001208123     0.0000000000
   -0.0001208123     0.0002416247    -0.0001208124     0.0000000000
    0.0001208124     0.0002323296    -0.0003531420     0.0000000000
    0.0003531420     0.0002049186    -0.0005580606     0.0000000000
    0.0005580606     0.0001610792    -0.0007191399     0.0000000000
    0.0007191399     0.0001042462    -0.0008233861     0.0000000000
    0.0008233861     0.0000398473    -0.0008632333     0.0000000000
    0.0008632333    -0.0000251256    -0.0008381078     0.0000000000
    0.0008381078    -0.0000831544    -0.0007549534     0.0000000000
    0.0007549534    -0.0001274567    -0.0006274967     0.0000000000
    0.0006274967    -0.0001530757    -0.0004744211     0.0000000000
    0.0004744211    -0.0001576129    -0.0003168081     0.0000000000
    0.0003168081    -0.0001415390    -0.0001752692     0.0000000000
    0.0001752692    -0.0001082930    -0.0000669762     0.0000000000
    0.0000669762    -0.0000638748    -0.0000031014     0.0000000000
    0.0000031014    -0.0000186527     0.0000155514     0.0000000000
   -0.0000155514     0.0000155514     0.0000000000     0.0000000000
