    0.0000000000     0.0000000000     0.0000000000     0.0000000000
    0.0000000000     0.0000000000    -0.3078449889     1.0000000000
    0.0000000000     0.0000000000    -0.3109128690     1.0000000000
    0.0000000000     0.0000000000    -0.3116319247     1.0000000000
    0.0000000000     0.0000000000    -0.3111906107     1.0000000000
    0.0000000000     0.0000000000    -0.3093539613     1.0000000000
    0.0000000000     0.0000000000    -0.3062864746     1.0000000000
    0.0000000000     0.0000000000    -0.3020190907     1.0000000000
    0.0000000000     0.0000000000    -0.2966248273     1.0000000000
    0.0000000000     0.0000000000    -0.2902412884     1.0000000000
    0.0000000000     0.0000000000    -0.2831273103     1.0000000000
    0.0000000000     0.0000000000    -0.2756756804     1.0000000000
    0.0000000000     0.0000000000    -0.2683981189     1.0000000000
    0.0000000000     0.0000000000    -0.2618780606     1.0000000000
    0.0000000000     0.0000000000    -0.2566997964     1.0000000000
    0.0000000000     0.0000000000    -0.2533650073     1.0000000000
    0.0000000000     0.0000000000    -0.2522133416     1.0000000000
    0.0000000000     0.0000000000    -0.2533650074     1.0000000000
    0.0000000000     0.0000000000    -0.2566997968     1.0000000000
    0.0000000000     0.0000000000    -0.2618780611     1.0000000000
    0.0000000000     0.0000000000    -0.2683981195     1.0000000000
    0.0000000000     0.0000000000    -0.2756756811     1.0000000000
    0.0000000000     0.0000000000    -0.2831273112     1.0000000000
    0.0000000000     0.0000000000    -0.2902412893     1.0000000000
    0.0000000000     0.0000000000    -0.2966248282     1.0000000000
    0.0000000000     0.0000000000    -0.3020190917     1.0000000000
    0.0000000000     0.0000000000    -0.3062864755     1.0000000000
    0.0000000000     0.0000000000    -0.3093539622     1.0000000000
    0.0000000000     0.0000000000    -0.3111906116     1.0000000000
    0.0000000000     0.0000000000    -0.3116319255     1.0000000000
    0.0000000000     0.0000000000    -0.3109128698     1.0000000000
    0.0000000000     0.0000000000    -0.3078449897     1.0000000000
    0.0000000000     0.0000000000     0.0000000000     0.0000000000
    0.0000000000     0.0000000000    -0.3078449889     0.9847035867
    0.0008026066     0.0112417824    -0.3078449889     0.9847035867
   -0.0017286823     0.0162206430    -0.3109128690     0.9840984018
   -0.0089245008     0.0174137056    -0.3116319247     0.9825918604
   -0.0169810365     0.0176481561    -0.3111906107     0.9801203082
   -0.0251679762     0.0175626437    -0.3093539613     0.9767933635
   -0.0327126803     0.0173596818    -0.3062864746     0.9728361079
   -0.0391687706     0.0170567098    -0.3020190907     0.9685112688
   -0.0440867487     0.0166278897    -0.2966248273     0.9640632571
   -0.0470303885     0.0160481980    -0.2902412884     0.9596944789
   -0.0476044334     0.0153205857    -0.2831273103     0.9555674928
   -0.0455288445     0.0144823952    -0.2756756804     0.9518169520
   -0.0407040224     0.0136025291    -0.2683981189     0.9485600310
   -0.0332577702     0.0127714117    -0.2618780606     0.9459008541
   -0.0235623302     0.0120864244    -0.2566997964     0.9439292241
   -0.0122176151     0.0116347839    -0.2533650073     0.9427157698
    0.0000000007     0.0114770134    -0.2522133416     0.9423060291
    0.0122176165     0.0116347839    -0.2533650074     0.9427157698
    0.0235623316     0.0120864244    -0.2566997968     0.9439292241
    0.0332577715     0.0127714117    -0.2618780611     0.9459008542
    0.0407040237     0.0136025291    -0.2683981195     0.9485600311
    0.0455288456     0.0144823952    -0.2756756811     0.9518169521
    0.0476044343     0.0153205858    -0.2831273112     0.9555674929
    0.0470303893     0.0160481980    -0.2902412893     0.9596944791
    0.0440867493     0.0166278898    -0.2966248282     0.9640632573
    0.0391687711     0.0170567099    -0.3020190917     0.9685112690
    0.0327126806     0.0173596819    -0.3062864755     0.9728361081
    0.0251679764     0.0175626437    -0.3093539622     0.9767933638
    0.0169810366     0.0176481561    -0.3111906116     0.9801203085
    0.0089245009     0.0174137056    -0.3116319255     0.9825918607
    0.0017286823     0.0162206430    -0.3109128698     0.9840984020
   -0.0008026066     0.0112417824    -0.3078449897     0.9847035870
    0.0000000000     0.0000000000    -0.3078449897     0.9847035870
    0.0000000000     0.0000000000    -0.2632699817     0.9547163641
   -0.0018191250    -0.0004317279    -0.2632699817     0.9547163641
   -0.0108743563     0.0053388034    -0.2646414815     0.9528902701
   -0.0266451186     0.0087915309    -0.2644575969     0.9483229057
   -0.0444600730     0.0099555875    -0.2637829346     0.9407975689
   -0.0625120366     0.0094659961    -0.2621801430     0.9306695922
   -0.0788859209     0.0078799191    -0.2597263101     0.9186655832
   -0.0923416579     0.0054039507    -0.2563342788     0.9056225983
   -0.1018256401     0.0021132484    -0.2519960303     0.8923033287
   -0.1065153500    -0.0019129369    -0.2467742842     0.8793226765
   -0.1058314396    -0.0065043077    -0.2408570946     0.8671580407
   -0.0995115289    -0.0113835504    -0.2345662190     0.8561894184
   -0.0876585248    -0.0161871435    -0.2283450741     0.8467340693
   -0.0707627357    -0.0205073991    -0.2227154958     0.8390637088
   -0.0496881953    -0.0239439364    -0.2182109006     0.8334060494
   -0.0256238332    -0.0261581447    -0.2152954852     0.8299366550
    0.0000000015    -0.0269228965    -0.2142861454     0.8287673555
    0.0256238363    -0.0261581447    -0.2152954854     0.8299366551
    0.0496881983    -0.0239439363    -0.2182109010     0.8334060495
    0.0707627387    -0.0205073990    -0.2227154962     0.8390637090
    0.0876585276    -0.0161871433    -0.2283450747     0.8467340695
    0.0995115315    -0.0113835501    -0.2345662198     0.8561894187
    0.1058314420    -0.0065043074    -0.2408570954     0.8671580411
    0.1065153521    -0.0019129366    -0.2467742850     0.8793226770
    0.1018256418     0.0021132487    -0.2519960312     0.8923033292
    0.0923416593     0.0054039510    -0.2563342797     0.9056225989
    0.0788859219     0.0078799193    -0.2597263110     0.9186655838
    0.0625120373     0.0094659963    -0.2621801438     0.9306695929
    0.0444600735     0.0099555877    -0.2637829354     0.9407975696
    0.0266451188     0.0087915311    -0.2644575977     0.9483229064
    0.0108743564     0.0053388035    -0.2646414823     0.9528902708
    0.0018191250    -0.0004317279    -0.2632699824     0.9547163649
    0.0000000000     0.0000000000    -0.2632699824     0.9547163649
    0.0000000000     0.0000000000    -0.2353299288     0.9262447029
   -0.0026249487     0.0111369153    -0.2353299288     0.9262447029
   -0.0159669515     0.0276157175    -0.2383709329     0.9232622202
   -0.0386000086     0.0360970224    -0.2386035914     0.9156829272
   -0.0630753621     0.0386533226    -0.2384274156     0.9031278825
   -0.0871760429     0.0369730890    -0.2374203780     0.8862554091
   -0.1083950715     0.0323011659    -0.2357051730     0.8663672098
   -0.1251269436     0.0252993221    -0.2331281273     0.8449319368
   -0.1361121066     0.0163866018    -0.2296089379     0.8232538361
   -0.1405157843     0.0059806852    -0.2251420072     0.8023490916
   -0.1378961845    -0.0053705437    -0.2198683662     0.7829699305
   -0.1282260747    -0.0169750886    -0.2140857282     0.7656795807
   -0.1118838603    -0.0280417136    -0.2082351780     0.7509184333
   -0.0896342592    -0.0377509864    -0.2028528831     0.7390430192
   -0.0625924887    -0.0453359470    -0.1984965530     0.7303406666
   -0.0321706284    -0.0501660129    -0.1956566007     0.7250279827
    0.0000000019    -0.0518246453    -0.1946699251     0.7232414806
    0.0321706322    -0.0501660128    -0.1956566009     0.7250279828
    0.0625924925    -0.0453359469    -0.1984965534     0.7303406668
    0.0896342629    -0.0377509862    -0.2028528836     0.7390430195
    0.1118838640    -0.0280417132    -0.2082351786     0.7509184337
    0.1282260782    -0.0169750881    -0.2140857289     0.7656795812
    0.1378961878    -0.0053705431    -0.2198683670     0.7829699312
    0.1405157873     0.0059806858    -0.2251420080     0.8023490924
    0.1361121091     0.0163866025    -0.2296089388     0.8232538370
    0.1251269458     0.0252993228    -0.2331281282     0.8449319377
    0.1083950732     0.0323011666    -0.2357051738     0.8663672108
    0.0871760441     0.0369730895    -0.2374203788     0.8862554101
    0.0630753629     0.0386533230    -0.2384274163     0.9031278836
    0.0386000090     0.0360970228    -0.2386035921     0.9156829284
    0.0159669517     0.0276157178    -0.2383709337     0.9232622214
    0.0026249487     0.0111369154    -0.2353299295     0.9262447042
    0.0000000000     0.0000000000    -0.2353299295     0.9262447042
    0.0000000000     0.0000000000    -0.2065672426     0.8997174698
   -0.0033511892     0.0203503605    -0.2065672426     0.8997174698
   -0.0192599231     0.0468896540    -0.2098480166     0.8957204877
   -0.0454618203     0.0600763871    -0.2102164821     0.8853719887
   -0.0732386448     0.0633455998    -0.2105350533     0.8681644026
   -0.1000720688     0.0595102241    -0.2102731763     0.8451144666
   -0.1231167279     0.0505776408    -0.2095004786     0.8181455956
   -0.1406531111     0.0377999197    -0.2079496641     0.7893803605
   -0.1514545967     0.0220955983    -0.2054423995     0.7606541697
   -0.1548548316     0.0043481714    -0.2018947580     0.7333396408
   -0.1506442010    -0.0144526594    -0.1973990970     0.7083864590
   -0.1390264750    -0.0332031392    -0.1922313765     0.6864379293
   -0.1205623626    -0.0507361870    -0.1868333653     0.6679405531
   -0.0961329433    -0.0658942723    -0.1817582163     0.6532196243
   -0.0669104702    -0.0776154543    -0.1775903204     0.6425208304
   -0.0343237574    -0.0850321403    -0.1748486391     0.6360251663
    0.0000000019    -0.0875713156    -0.1738919784     0.6338468140
    0.0343237612    -0.0850321402    -0.1748486392     0.6360251665
    0.0669104740    -0.0776154542    -0.1775903207     0.6425208307
    0.0961329471    -0.0658942721    -0.1817582169     0.6532196248
    0.1205623664    -0.0507361866    -0.1868333659     0.6679405537
    0.1390264788    -0.0332031386    -0.1922313772     0.6864379301
    0.1506442046    -0.0144526585    -0.1973990978     0.7083864600
    0.1548548349     0.0043481725    -0.2018947589     0.7333396419
    0.1514545997     0.0220955995    -0.2054424004     0.7606541709
    0.1406531137     0.0377999209    -0.2079496650     0.7893803618
    0.1231167299     0.0505776419    -0.2095004794     0.8181455969
    0.1000720703     0.0595102251    -0.2102731770     0.8451144680
    0.0732386459     0.0633456007    -0.2105350540     0.8681644041
    0.0454618210     0.0600763878    -0.2102164828     0.8853719904
    0.0192599233     0.0468896545    -0.2098480173     0.8957204894
    0.0033511893     0.0203503608    -0.2065672432     0.8997174716
    0.0000000000     0.0000000000    -0.2065672432     0.8997174716
    0.0000000000     0.0000000000    -0.1818173058     0.8753151711
   -0.0033776797     0.0317650420    -0.1818173058     0.8753151711
   -0.0198341418     0.0699799918    -0.1854265700     0.8705061404
   -0.0470056255     0.0882439423    -0.1861963308     0.8578577231
   -0.0755599559     0.0919645004    -0.1871959554     0.8367730207
   -0.1028066509     0.0853905625    -0.1878257844     0.8086449208
   -0.1257867552     0.0714862869    -0.1880775325     0.7760118634
   -0.1428287550     0.0522590105    -0.1875773668     0.7416198167
   -0.1528545978     0.0292484990    -0.1860593555     0.7077796454
   -0.1554012403     0.0038622433    -0.1833773153     0.6761367970
   -0.1504469102    -0.0224780495    -0.1795901914     0.6477286330
   -0.1383197706    -0.0483145619    -0.1749641997     0.6231533584
   -0.1196239384    -0.0721790436    -0.1699496404     0.6027405029
   -0.0952156848    -0.0926403551    -0.1651216754     0.5866802855
   -0.0662035537    -0.1083817011    -0.1610953051     0.5751023654
   -0.0339437594    -0.1183144845    -0.1584217306     0.5681078191
    0.0000000016    -0.1217110346    -0.1574846389     0.5657675723
    0.0339437626    -0.1183144845    -0.1584217308     0.5681078193
    0.0662035570    -0.1083817010    -0.1610953055     0.5751023658
    0.0952156882    -0.0926403549    -0.1651216760     0.5866802862
    0.1196239418    -0.0721790432    -0.1699496412     0.6027405038
    0.1383197741    -0.0483145612    -0.1749642006     0.6231533595
    0.1504469136    -0.0224780485    -0.1795901923     0.6477286343
    0.1554012436     0.0038622446    -0.1833773163     0.6761367984
    0.1528546009     0.0292485005    -0.1860593565     0.7077796470
    0.1428287577     0.0522590121    -0.1875773677     0.7416198184
    0.1257867574     0.0714862885    -0.1880775333     0.7760118651
    0.1028066526     0.0853905641    -0.1878257852     0.8086449226
    0.0755599571     0.0919645018    -0.1871959561     0.8367730227
    0.0470056263     0.0882439435    -0.1861963315     0.8578577251
    0.0198341421     0.0699799927    -0.1854265706     0.8705061426
    0.0033776798     0.0317650424    -0.1818173064     0.8753151733
    0.0000000000     0.0000000000    -0.1818173064     0.8753151733
    0.0000000000     0.0000000000    -0.1598782757     0.8530614029
   -0.0030101458     0.0425588647    -0.1598782757     0.8530614029
   -0.0184203252     0.0922726338    -0.1634206401     0.8476972439
   -0.0442881724     0.1155311819    -0.1645604222     0.8333985655
   -0.0715865426     0.1195355413    -0.1662126166     0.8095120600
   -0.0975765461     0.1100012117    -0.1677174741     0.7777709117
   -0.1193374044     0.0909456124    -0.1689517569     0.7412544764
   -0.1353011750     0.0652231545    -0.1694393545     0.7032398277
   -0.1445422502     0.0350406784    -0.1688362145     0.6664096518
   -0.1467403606     0.0023145564    -0.1669474431     0.6325672004
   -0.1419565260    -0.0311654633    -0.1638078289     0.6027165713
   -0.1305183164    -0.0636707219    -0.1596772368     0.5772993313
   -0.1129546410    -0.0935035321    -0.1550129622     0.5564449780
   -0.0900030665    -0.1189997383    -0.1504087395     0.5401669155
   -0.0626481732    -0.1385935506    -0.1465074996     0.5284780003
   -0.0321470156    -0.1509574314    -0.1438918654     0.5214251736
    0.0000000011    -0.1551863364    -0.1429708339     0.5190656836
    0.0321470179    -0.1509574315    -0.1438918656     0.5214251739
    0.0626481757    -0.1385935507    -0.1465075000     0.5284780009
    0.0900030692    -0.1189997383    -0.1504087401     0.5401669164
    0.1129546438    -0.0935035318    -0.1550129629     0.5564449792
    0.1305183193    -0.0636707213    -0.1596772377     0.5772993327
    0.1419565291    -0.0311654622    -0.1638078299     0.6027165729
    0.1467403636     0.0023145578    -0.1669474442     0.6325672022
    0.1445422530     0.0350406802    -0.1688362156     0.6664096537
    0.1353011776     0.0652231565    -0.1694393555     0.7032398297
    0.1193374066     0.0909456145    -0.1689517578     0.7412544785
    0.0975765479     0.1100012137    -0.1677174749     0.7777709139
    0.0715865439     0.1195355431    -0.1662126174     0.8095120624
    0.0442881732     0.1155311835    -0.1645604229     0.8333985680
    0.0184203255     0.0922726351    -0.1634206407     0.8476972465
    0.0030101459     0.0425588653    -0.1598782763     0.8530614056
    0.0000000000     0.0000000000    -0.1598782763     0.8530614056
    0.0000000000     0.0000000000    -0.1405751762     0.8329027599
   -0.0023593756     0.0520723326    -0.1405751762     0.8329027599
   -0.0155391155     0.1125726544    -0.1438176284     0.8272630900
   -0.0384062560     0.1407636519    -0.1452947693     0.8120482855
   -0.0629724074     0.1452198092    -0.1475201572     0.7865653758
   -0.0865826162     0.1329829784    -0.1498081308     0.7527995362
   -0.1064664530     0.1091320873    -0.1519090421     0.7142330778
   -0.1211580789     0.0773943606    -0.1532617193     0.6745259836
   -0.1298316706     0.0406350311    -0.1534584186     0.6365927751
   -0.1322154924     0.0012257543    -0.1522678147     0.6022688735
   -0.1283464004    -0.0387543731    -0.1497053928     0.5724223072
   -0.1184533528    -0.0773806586    -0.1460230313     0.5472723267
   -0.1029156440    -0.1127732575    -0.1416793550     0.5267332424
   -0.0823056823    -0.1430442924    -0.1372803815     0.5106804319
   -0.0574631570    -0.1663542513    -0.1334924828     0.4990907878
   -0.0295448438    -0.1810938431    -0.1309277856     0.4920533780
    0.0000000006    -0.1861418144    -0.1300204240     0.4896893155
    0.0295448452    -0.1810938433    -0.1309277858     0.4920533784
    0.0574631585    -0.1663542515    -0.1334924832     0.4990907886
    0.0823056840    -0.1430442926    -0.1372803822     0.5106804331
    0.1029156460    -0.1127732575    -0.1416793558     0.5267332439
    0.1184533551    -0.0773806581    -0.1460230322     0.5472723285
    0.1283464028    -0.0387543721    -0.1497053939     0.5724223092
    0.1322154949     0.0012257558    -0.1522678158     0.6022688758
    0.1298316730     0.0406350330    -0.1534584197     0.6365927775
    0.1211580811     0.0773943629    -0.1532617204     0.6745259861
    0.1064664550     0.1091320898    -0.1519090431     0.7142330803
    0.0865826178     0.1329829809    -0.1498081316     0.7527995388
    0.0629724086     0.1452198116    -0.1475201580     0.7865653786
    0.0384062567     0.1407636541    -0.1452947700     0.8120482885
    0.0155391158     0.1125726560    -0.1438176291     0.8272630931
    0.0023593756     0.0520723334    -0.1405751769     0.8329027631
    0.0000000000     0.0000000000    -0.1405751769     0.8329027631
    0.0000000000     0.0000000000    -0.1232365825     0.8147384300
   -0.0015781055     0.0595820837    -0.1232365825     0.8147384300
   -0.0117965127     0.1295207719    -0.1259800182     0.8090904828
   -0.0305165371     0.1624887475    -0.1277019824     0.7936762472
   -0.0513416431     0.1677887899    -0.1303565465     0.7677643022
   -0.0718344528     0.1534737040    -0.1332691436     0.7334668272
   -0.0894592798     0.1255798519    -0.1360668134     0.6944870980
   -0.1028283354     0.0886594629    -0.1381239230     0.6546848977
   -0.1111475260     0.0461860018    -0.1389827985     0.6170534947
   -0.1141053382     0.0009197531    -0.1383841278     0.5833494554
   -0.1116346477    -0.0448390956    -0.1363249532     0.5542422930
   -0.1038085287    -0.0890206007    -0.1330445916     0.5297210200
   -0.0908247957    -0.1295831084    -0.1289955548     0.5095338343
   -0.0730782950    -0.1644018802    -0.1247885572     0.4935180552
   -0.0512623382    -0.1913236617    -0.1211075620     0.4817473410
   -0.0264359226    -0.2084056820    -0.1185908143     0.4744883338
    0.0000000001    -0.2142672359    -0.1176962245     0.4720280178
    0.0264359230    -0.2084056824    -0.1185908146     0.4744883342
    0.0512623387    -0.1913236622    -0.1211075624     0.4817473419
    0.0730782959    -0.1644018807    -0.1247885579     0.4935180566
    0.0908247969    -0.1295831086    -0.1289955556     0.5095338361
    0.1038085302    -0.0890206005    -0.1330445926     0.5297210222
    0.1116346494    -0.0448390948    -0.1363249543     0.5542422955
    0.1141053400     0.0009197545    -0.1383841290     0.5833494581
    0.1111475279     0.0461860038    -0.1389827997     0.6170534976
    0.1028283372     0.0886594654    -0.1381239241     0.6546849006
    0.0894592814     0.1255798546    -0.1360668144     0.6944871010
    0.0718344541     0.1534737068    -0.1332691446     0.7334668303
    0.0513416441     0.1677887927    -0.1303565473     0.7677643054
    0.0305165377     0.1624887500    -0.1277019831     0.7936762506
    0.0117965130     0.1295207739    -0.1259800189     0.8090904864
    0.0015781055     0.0595820846    -0.1232365831     0.8147384336
    0.0000000000     0.0000000000    -0.1232365831     0.8147384336
    0.0000000000     0.0000000000    -0.1072049242     0.7984354024
   -0.0007830721     0.0647985346    -0.1072049242     0.7984354024
   -0.0077104872     0.1424207881    -0.1093228841     0.7930065349
   -0.0216381113     0.1799105406    -0.1111769581     0.7780140343
   -0.0380983245     0.1865848370    -0.1140949431     0.7526798661
   -0.0549999725     0.1710746892    -0.1174504365     0.7191050409
   -0.0701136045     0.1401700109    -0.1207622591     0.6810169181
   -0.0821114022     0.0991356107    -0.1233614045     0.6422853192
   -0.0901767480     0.0519754175    -0.1247520818     0.6058403706
   -0.0938970210     0.0017739623    -0.1246517742     0.5732804361
   -0.0930563543    -0.0489958070    -0.1230371932     0.5450595226
   -0.0875505463    -0.0981455008    -0.1201290212     0.5209756609
   -0.0773932024    -0.1434739965    -0.1163654374     0.5006980203
   -0.0628071308    -0.1825983825    -0.1123532780     0.4841495164
   -0.0443433613    -0.2130117737    -0.1087865959     0.4716438096
   -0.0229602736    -0.2323904700    -0.1063243032     0.4637627463
   -0.0000000003    -0.2390553900    -0.1054449791     0.4610602423
    0.0229602731    -0.2323904705    -0.1063243035     0.4637627468
    0.0443433610    -0.2130117745    -0.1087865963     0.4716438106
    0.0628071308    -0.1825983833    -0.1123532786     0.4841495180
    0.0773932029    -0.1434739970    -0.1163654383     0.5006980224
    0.0875505472    -0.0981455008    -0.1201290222     0.5209756635
    0.0930563554    -0.0489958064    -0.1230371943     0.5450595255
    0.0938970222     0.0017739637    -0.1246517754     0.5732804393
    0.0901767494     0.0519754195    -0.1247520830     0.6058403740
    0.0821114035     0.0991356133    -0.1233614057     0.6422853226
    0.0701136057     0.1401700138    -0.1207622602     0.6810169215
    0.0549999736     0.1710746923    -0.1174504375     0.7191050444
    0.0380983252     0.1865848401    -0.1140949440     0.7526798698
    0.0216381118     0.1799105435    -0.1111769589     0.7780140382
    0.0077104874     0.1424207903    -0.1093228849     0.7930065389
    0.0007830721     0.0647985356    -0.1072049250     0.7984354066
    0.0000000000     0.0000000000    -0.1072049250     0.7984354066
    0.0000000000     0.0000000000    -0.0918448220     0.7838352009
   -0.0000594638     0.0676847741    -0.0918448220     0.7838352009
   -0.0036936797     0.1509781667    -0.0932742795     0.7787987136
   -0.0126063064     0.1925921340    -0.0951426177     0.7647101940
   -0.0243898644     0.2011876698    -0.0981571893     0.7407352055
   -0.0374134346     0.1854849087    -0.1017714266     0.7088356111
   -0.0498200683     0.1527475069    -0.1054184303     0.6725798477
   -0.0603452060     0.1087884069    -0.1084054384     0.6356766194
   -0.0681234809     0.0580455159    -0.1102085205     0.6008780333
   -0.0726124607     0.0038707376    -0.1105245633     0.5695795423
   -0.0734332385    -0.0511192060    -0.1093072144     0.5420372226
   -0.0703068200    -0.1046264060    -0.1067526140     0.5179216861
   -0.0630747650    -0.1542838660    -0.1032767878     0.4969176823
   -0.0517996454    -0.1974306719    -0.0994738709     0.4791484715
   -0.0368936559    -0.2311747932    -0.0960392860     0.4652917883
   -0.0192059568    -0.2527745431    -0.0936453120     0.4563613669
   -0.0000000007    -0.2602216480    -0.0927864235     0.4532636615
    0.0192059556    -0.2527745437    -0.0936453122     0.4563613674
    0.0368936549    -0.2311747943    -0.0960392864     0.4652917894
    0.0517996448    -0.1974306732    -0.0994738715     0.4791484732
    0.0630747648    -0.1542838669    -0.1032767886     0.4969176846
    0.0703068202    -0.1046264064    -0.1067526150     0.5179216890
    0.0734332390    -0.0511192056    -0.1093072155     0.5420372259
    0.0726124615     0.0038707388    -0.1105245645     0.5695795459
    0.0681234818     0.0580455178    -0.1102085217     0.6008780371
    0.0603452069     0.1087884094    -0.1084054396     0.6356766233
    0.0498200692     0.1527475099    -0.1054184314     0.6725798516
    0.0374134353     0.1854849120    -0.1017714276     0.7088356151
    0.0243898649     0.2011876731    -0.0981571903     0.7407352096
    0.0126063067     0.1925921371    -0.0951426186     0.7647101984
    0.0036936798     0.1509781691    -0.0932742803     0.7787987181
    0.0000594638     0.0676847752    -0.0918448228     0.7838352055
    0.0000000000     0.0000000000    -0.0918448228     0.7838352055
    0.0000000000     0.0000000000    -0.0766214954     0.7707560150
    0.0005417648     0.0684082785    -0.0766214954     0.7707560150
   -0.0000398884     0.1552531687    -0.0773567353     0.7662301024
   -0.0040552012     0.2004298054    -0.0791317814     0.7533782504
   -0.0111066550     0.2114063654    -0.0820920000     0.7313037763
   -0.0201125081     0.1965104896    -0.0857944021     0.7017287837
   -0.0296505120     0.1631565045    -0.0896130050     0.6679146476
   -0.0385481183     0.1175037407    -0.0928490018     0.6332723257
   -0.0458960205     0.0643128026    -0.0949591702     0.6002927309
   -0.0510228835     0.0071505043    -0.0956215354     0.5701502417
   -0.0533942965    -0.0512399004    -0.0947641889     0.5429371895
   -0.0525717159    -0.1084511184    -0.0925536699     0.5182622648
   -0.0482420665    -0.1619430847    -0.0893768395     0.4959065966
   -0.0403202191    -0.2087641879    -0.0858064356     0.4762828400
   -0.0290815248    -0.2456177803    -0.0825297417     0.4605264630
   -0.0152545301    -0.2693200694    -0.0802236820     0.4501722783
   -0.0000000009    -0.2775126473    -0.0793924957     0.4465461829
    0.0152545283    -0.2693200702    -0.0802236822     0.4501722787
    0.0290815233    -0.2456177818    -0.0825297421     0.4605264640
    0.0403202180    -0.2087641895    -0.0858064361     0.4762828416
    0.0482420658    -0.1619430861    -0.0893768403     0.4959065990
    0.0525717156    -0.1084511192    -0.0925536708     0.5182622679
    0.0533942966    -0.0512399003    -0.0947641900     0.5429371932
    0.0510228838     0.0071505053    -0.0956215366     0.5701502457
    0.0458960210     0.0643128044    -0.0949591714     0.6002927352
    0.0385481188     0.1175037433    -0.0928490030     0.6332723300
    0.0296505124     0.1631565076    -0.0896130061     0.6679146520
    0.0201125085     0.1965104931    -0.0857944031     0.7017287882
    0.0111066553     0.2114063689    -0.0820920009     0.7313037809
    0.0040552013     0.2004298087    -0.0791317823     0.7533782552
    0.0000398884     0.1552531712    -0.0773567362     0.7662301074
   -0.0005417648     0.0684082797    -0.0766214962     0.7707560201
    0.0000000000     0.0000000000    -0.0766214962     0.7707560201
    0.0000000000     0.0000000000    -0.0611262192     0.7589899330
    0.0009988623     0.0672638720    -0.0611262192     0.7589899330
    0.0030682896     0.1555657665    -0.0612080695     0.7550466586
    0.0035722893     0.2035816338    -0.0628023635     0.7436285541
    0.0010938632     0.2172345462    -0.0655827336     0.7237762023
   -0.0038880261     0.2040407798    -0.0692242712     0.6969069258
   -0.0104390805     0.1712341386    -0.0730700032     0.6658722516
   -0.0175280959     0.1250969068    -0.0764311218     0.6336892630
   -0.0242331651     0.0705878024    -0.0787537461     0.6025331196
   -0.0297779016     0.0114339435    -0.0796990575     0.5733536789
   -0.0334939657    -0.0495095338    -0.0791681180     0.5461144146
   -0.0348043592    -0.1097248959    -0.0772941258     0.5204153485
   -0.0332598975    -0.1664951802    -0.0744289889     0.4961923450
   -0.0286402135    -0.2165737050    -0.0711160783     0.4742082166
   -0.0210862019    -0.2562517856    -0.0680250527     0.4561207778
   -0.0111949055    -0.2818926524    -0.0658281881     0.4440501457
   -0.0000000011    -0.2907774674    -0.0650326395     0.4397917010
    0.0111949033    -0.2818926535    -0.0658281883     0.4440501460
    0.0210862001    -0.2562517874    -0.0680250530     0.4561207786
    0.0286402121    -0.2165737070    -0.0711160788     0.4742082181
    0.0332598965    -0.1664951820    -0.0744289896     0.4961923473
    0.0348043586    -0.1097248971    -0.0772941266     0.5204153516
    0.0334939654    -0.0495095340    -0.0791681190     0.5461144184
    0.0297779016     0.0114339443    -0.0796990586     0.5733536833
    0.0242331652     0.0705878041    -0.0787537472     0.6025331242
    0.0175280961     0.1250969093    -0.0764311229     0.6336892678
    0.0104390807     0.1712341418    -0.0730700042     0.6658722565
    0.0038880263     0.2040407833    -0.0692242722     0.6969069308
   -0.0010938631     0.2172345498    -0.0655827345     0.7237762074
   -0.0035722893     0.2035816371    -0.0628023643     0.7436285594
   -0.0030682896     0.1555657690    -0.0612080703     0.7550466640
   -0.0009988624     0.0672638731    -0.0611262200     0.7589899386
    0.0000000000     0.0000000000    -0.0611262200     0.7589899386
    0.0000000000     0.0000000000    -0.0450819180     0.7482940862
    0.0013123032     0.0646120564    -0.0450819180     0.7482940862
    0.0055438118     0.1524144407    -0.0445854183     0.7449744583
    0.0100050214     0.2024128777    -0.0459371916     0.7350808881
    0.0117622562     0.2188308189    -0.0484429836     0.7175932306
    0.0106808754     0.2080576040    -0.0519011190     0.6935941685
    0.0071710687     0.1768405357    -0.0556508599     0.6654689409
    0.0020630681     0.1313561108    -0.0590279987     0.6357839238
   -0.0037580780     0.0766251933    -0.0614770057     0.6063667096
   -0.0094506220     0.0164722983    -0.0626452205     0.5779444378
   -0.0142428869    -0.0461553963    -0.0624065651     0.5503782285
   -0.0174438459    -0.1086327431    -0.0608586046     0.5232956879
   -0.0184877580    -0.1680670917    -0.0583139013     0.4968242445
   -0.0170329721    -0.2209200706    -0.0552796611     0.4721142278
   -0.0130908944    -0.2630749232    -0.0523991914     0.4513869958
   -0.0071187347    -0.2904447345    -0.0503311055     0.4373910940
   -0.0000000012    -0.2999517491    -0.0495785852     0.4324261754
    0.0071187324    -0.2904447358    -0.0503311057     0.4373910942
    0.0130908924    -0.2630749254    -0.0523991917     0.4513869964
    0.0170329705    -0.2209200731    -0.0552796615     0.4721142291
    0.0184877568    -0.1680670939    -0.0583139018     0.4968242466
    0.0174438451    -0.1086327446    -0.0608586053     0.5232956909
    0.0142428865    -0.0461553968    -0.0624065660     0.5503782324
    0.0094506217     0.0164722990    -0.0626452215     0.5779444424
    0.0037580779     0.0766251949    -0.0614770067     0.6063667146
   -0.0020630681     0.1313561133    -0.0590279997     0.6357839290
   -0.0071710687     0.1768405388    -0.0556508608     0.6654689463
   -0.0106808755     0.2080576075    -0.0519011199     0.6935941739
   -0.0117622563     0.2188308226    -0.0484429845     0.7175932362
   -0.0100050214     0.2024128811    -0.0459371924     0.7350808938
   -0.0055438118     0.1524144433    -0.0445854191     0.7449744642
   -0.0013123032     0.0646120575    -0.0450819188     0.7482940922
    0.0000000000     0.0000000000    -0.0450819188     0.7482940922
    0.0000000000     0.0000000000    -0.0283323472     0.7383745245
    0.0014973458     0.0608289482    -0.0283323472     0.7383745245
    0.0073758047     0.1464010814    -0.0273539066     0.7357059851
    0.0151202951     0.1974420123    -0.0284288719     0.7273581017
    0.0206350737     0.2164995125    -0.0305982113     0.7122486335
    0.0232061130     0.2086452572    -0.0337800116     0.6911239389
    0.0227085806     0.1798869005    -0.0373339851     0.6658871114
    0.0197140538     0.1360777845    -0.0406334873     0.6386312253
    0.0150129443     0.0821579252    -0.0431307922     0.6108220999
    0.0094632371     0.0219749353    -0.0444636257     0.5829666691
    0.0039030092    -0.0414617148    -0.0444800980     0.5548398605
   -0.0008906444    -0.1054293560    -0.0432413041     0.5261181914
   -0.0042577772    -0.1668661037    -0.0410175832     0.4971414905
   -0.0057528843    -0.2219520625    -0.0382747644     0.4694680709
   -0.0052668127    -0.2661773647    -0.0356225675     0.4459052919
   -0.0031118634    -0.2950223383    -0.0336980849     0.4298537509
   -0.0000000012    -0.3050650041    -0.0329943237     0.4241364329
    0.0031118611    -0.2950223398    -0.0336980850     0.4298537509
    0.0052668107    -0.2661773672    -0.0356225677     0.4459052921
    0.0057528827    -0.2219520654    -0.0382747647     0.4694680717
    0.0042577760    -0.1668661063    -0.0410175837     0.4971414923
    0.0008906436    -0.1054293578    -0.0432413047     0.5261181942
   -0.0039030097    -0.0414617155    -0.0444800988     0.5548398643
   -0.0094632374     0.0219749358    -0.0444636265     0.5829666738
   -0.0150129444     0.0821579268    -0.0431307930     0.6108221051
   -0.0197140539     0.1360777870    -0.0406334881     0.6386312308
   -0.0227085807     0.1798869036    -0.0373339859     0.6658871171
   -0.0232061131     0.2086452607    -0.0337800124     0.6911239447
   -0.0206350739     0.2164995161    -0.0305982121     0.7122486395
   -0.0151202952     0.1974420157    -0.0284288726     0.7273581079
   -0.0073758048     0.1464010839    -0.0273539073     0.7357059915
   -0.0014973458     0.0608289493    -0.0283323479     0.7383745310
    0.0000000000     0.0000000000    -0.0283323479     0.7383745310
    0.0000000000     0.0000000000    -0.0108230604     0.7288625152
    0.0015773513     0.0562697290    -0.0108230604     0.7288625152
    0.0086092727     0.1381653145    -0.0094683231     0.7268755909
    0.0189183432     0.1892866791    -0.0102582038     0.7200625344
    0.0276143292     0.2106664717    -0.0120614813     0.7072673701
    0.0334788606     0.2059945132    -0.0149053655     0.6889157671
    0.0358716573     0.1803574580    -0.0181894565     0.6664436764
    0.0350611561     0.1390954108    -0.0213354060     0.6414759422
    0.0316865277     0.0869249939    -0.0238127303     0.6151168381
    0.0265690222     0.0276323114    -0.0252547933     0.5876563338
    0.0205713222    -0.0357517363    -0.0254864888     0.5587920362
    0.0145239241    -0.1004245308    -0.0245329280     0.5282612719
    0.0091538418    -0.1631665198    -0.0226208720     0.4966275151
    0.0049881327    -0.2198930066    -0.0201714110     0.4658657497
    0.0022432912    -0.2657275343    -0.0177554925     0.4393752117
    0.0007540725    -0.2957509987    -0.0159827213     0.4212118657
   -0.0000000011    -0.3062264815    -0.0153310536     0.4147233403
   -0.0007540745    -0.2957510004    -0.0159827214     0.4212118654
   -0.0022432930    -0.2657275371    -0.0177554926     0.4393752115
   -0.0049881341    -0.2198930099    -0.0201714112     0.4658657500
   -0.0091538428    -0.1631665228    -0.0226208723     0.4966275164
   -0.0145239248    -0.1004245329    -0.0245329284     0.5282612744
   -0.0205713226    -0.0357517373    -0.0254864894     0.5587920399
   -0.0265690225     0.0276323117    -0.0252547940     0.5876563384
   -0.0316865278     0.0869249954    -0.0238127310     0.6151168434
   -0.0350611562     0.1390954132    -0.0213354067     0.6414759479
   -0.0358716574     0.1803574612    -0.0181894572     0.6664436824
   -0.0334788607     0.2059945168    -0.0149053662     0.6889157733
   -0.0276143294     0.2106664753    -0.0120614820     0.7072673765
   -0.0189183433     0.1892866823    -0.0102582044     0.7200625410
   -0.0086092728     0.1381653170    -0.0094683238     0.7268755977
   -0.0015773513     0.0562697300    -0.0108230611     0.7288625221
    0.0000000000     0.0000000000    -0.0108230611     0.7288625221
    0.0000000000     0.0000000000     0.0074201264     0.7192846941
    0.0015784003     0.0512447479     0.0074201264     0.7192846941
    0.0093253892     0.1283298719     0.0090466925     0.7180258274
    0.0214944481     0.1786095602     0.0085283036     0.7127380174
    0.0327441905     0.2018462990     0.0070916359     0.7021639804
    0.0414574403     0.2003947267     0.0046161145     0.6864295341
    0.0465289769     0.1783194292     0.0016486736     0.6665378368
    0.0479008807     0.1402978570    -0.0012884133     0.6436712312
    0.0460136410     0.0906909449    -0.0036905143     0.6185855125
    0.0415998679     0.0331333816    -0.0051923414     0.5913604886
    0.0355015823    -0.0293724598    -0.0055990372     0.5616235323
    0.0285645234    -0.0939685803    -0.0049012820     0.5291815539
    0.0215496631    -0.1572944559    -0.0032823124     0.4948286409
    0.0150380669    -0.2150245989    -0.0011170683     0.4609562667
    0.0093366562    -0.2619553991     0.0010650624     0.4315448530
    0.0044273309    -0.2928190366     0.0026855231     0.4112866899
   -0.0000000009    -0.3036085218     0.0032844885     0.4040352530
   -0.0044273327    -0.2928190384     0.0026855231     0.4112866894
   -0.0093366578    -0.2619554023     0.0010650623     0.4315448523
   -0.0150380681    -0.2150246026    -0.0011170685     0.4609562664
   -0.0215496640    -0.1572944593    -0.0032823127     0.4948286416
   -0.0285645239    -0.0939685827    -0.0049012823     0.5291815560
   -0.0355015826    -0.0293724609    -0.0055990377     0.5616235358
   -0.0415998680     0.0331333818    -0.0051923420     0.5913604932
   -0.0460136411     0.0906909463    -0.0036905148     0.6185855179
   -0.0479008808     0.1402978594    -0.0012884139     0.6436712372
   -0.0465289770     0.1783194324     0.0016486730     0.6665378431
   -0.0414574404     0.2003947303     0.0046161139     0.6864295407
   -0.0327441906     0.2018463026     0.0070916353     0.7021639872
   -0.0214944482     0.1786095635     0.0085283031     0.7127380244
   -0.0093253893     0.1283298743     0.0090466920     0.7180258345
   -0.0015784003     0.0512447489     0.0074201258     0.7192847014
    0.0000000000     0.0000000000     0.0074201258     0.7192847014
    0.0000000000     0.0000000000     0.0263109749     0.7090311220
    0.0015253617     0.0460069349     0.0263109749     0.7090311220
    0.0096234538     0.1174590939     0.0281140182     0.7085688350
    0.0230089611     0.1660672941     0.0278376503     0.7048220842
    0.0361818196     0.1906022548     0.0267446731     0.6963865425
    0.0472476791     0.1922132786     0.0246396079     0.6831032164
    0.0547130056     0.1739199253     0.0220083520     0.6655844125
    0.0581951636     0.1396372554     0.0193127685     0.6446091778
    0.0579032686     0.0932589079     0.0170247252     0.6206096654
    0.0544346323     0.0381807061     0.0155027554     0.5934695820
    0.0485637044    -0.0226780510     0.0149576982     0.5627572260
    0.0411081070    -0.0864337823     0.0154310834     0.5283602639
    0.0328237803    -0.1496071001     0.0167820009     0.4913096029
    0.0243137340    -0.2076645687     0.0186812514     0.4544050542
    0.0159559711    -0.2551295677     0.0206413644     0.4221797254
    0.0078786131    -0.2864548066     0.0221158237     0.3999186780
   -0.0000000008    -0.2974239710     0.0226640301     0.3919405462
   -0.0078786145    -0.2864548086     0.0221158237     0.3999186771
   -0.0159559723    -0.2551295711     0.0206413644     0.4221797242
   -0.0243137349    -0.2076645727     0.0186812513     0.4544050533
   -0.0328237808    -0.1496071038     0.0167820008     0.4913096030
   -0.0411081073    -0.0864337850     0.0154310831     0.5283602654
   -0.0485637044    -0.0226780524     0.0149576978     0.5627572291
   -0.0544346322     0.0381807062     0.0155027549     0.5934695864
   -0.0579032685     0.0932589093     0.0170247247     0.6206096708
   -0.0581951635     0.1396372579     0.0193127680     0.6446091839
   -0.0547130056     0.1739199285     0.0220083515     0.6655844190
   -0.0472476791     0.1922132822     0.0246396075     0.6831032232
   -0.0361818197     0.1906022584     0.0267446726     0.6963865497
   -0.0230089612     0.1660672973     0.0278376499     0.7048220915
   -0.0096234538     0.1174590962     0.0281140178     0.7085688425
   -0.0015253617     0.0460069359     0.0263109745     0.7090311296
    0.0000000000     0.0000000000     0.0263109745     0.7090311296
    0.0000000000     0.0000000000     0.0457183635     0.6973284473
    0.0014393456     0.0407487163     0.0457183635     0.6973284473
    0.0096054893     0.1060320805     0.0476167428     0.6977503267
    0.0236567715     0.1522669733     0.0475438505     0.6955961771
    0.0381621265     0.1775031984     0.0467555018     0.6892537615
    0.0510724304     0.1818649928     0.0450000461     0.6782808473
    0.0605995050     0.1673708738     0.0426999848     0.6629377564
    0.0660612694     0.1371268248     0.0402558501     0.6436456056
    0.0674200796     0.0944773127     0.0381021468     0.6205478867
    0.0650996681     0.0425030985     0.0365862859     0.5933564622
    0.0597606503    -0.0160128051     0.0359316410     0.5616004951
    0.0521455167    -0.0781938263     0.0362095525     0.5252658082
    0.0429617751    -0.1404696876     0.0373195043     0.4856271104
    0.0327995514    -0.1981426001     0.0389761739     0.4458757423
    0.0220878618    -0.2455334630     0.0407322656     0.4110494152
    0.0111000827    -0.2769036634     0.0420719924     0.3869563537
   -0.0000000005    -0.2879035497     0.0425732656     0.3783170470
   -0.0111000837    -0.2769036656     0.0420719925     0.3869563525
   -0.0220878626    -0.2455334667     0.0407322657     0.4110494134
   -0.0327995520    -0.1981426044     0.0389761738     0.4458757408
   -0.0429617754    -0.1404696916     0.0373195042     0.4856271099
   -0.0521455167    -0.0781938292     0.0362095523     0.5252658093
   -0.0597606502    -0.0160128066     0.0359316407     0.5616004978
   -0.0650996679     0.0425030986     0.0365862856     0.5933564663
   -0.0674200795     0.0944773141     0.0381021465     0.6205478921
   -0.0660612692     0.1371268273     0.0402558498     0.6436456118
   -0.0605995049     0.1673708771     0.0426999845     0.6629377631
   -0.0510724303     0.1818649964     0.0450000458     0.6782808545
   -0.0381621265     0.1775032021     0.0467555015     0.6892537690
   -0.0236567715     0.1522669766     0.0475438502     0.6955961847
   -0.0096054893     0.1060320829     0.0476167425     0.6977503345
   -0.0014393456     0.0407487172     0.0457183632     0.6973284551
    0.0000000000     0.0000000000     0.0457183632     0.6973284551
    0.0000000000     0.0000000000     0.0654763738     0.6832282611
    0.0013363747     0.0356063055     0.0654763738     0.6832282611
    0.0093643626     0.0944307017     0.0674054417     0.6846271994
    0.0236389276     0.1377345478     0.0674949293     0.6841457022
    0.0389592497     0.1630835740     0.0669639744     0.6798968622
    0.0532315556     0.1697766842     0.0655217001     0.6711409683
    0.0644724704     0.1589253340     0.0635285905     0.6578140848
    0.0717440061     0.1328303253     0.0613257304     0.6400237840
    0.0747630466     0.0942407629     0.0593081236     0.6176671371
    0.0737515388     0.0458654219     0.0578092158     0.5903196109
    0.0692130866    -0.0096947454     0.0570623132     0.5575024131
    0.0617669780    -0.0696029628     0.0571664699     0.5193246588
    0.0520271709    -0.1302323882     0.0580593827     0.4773121109
    0.0405359039    -0.1867770102     0.0594968667     0.4350202529
    0.0277543586    -0.2334431696     0.0610686494     0.3979219345
    0.0141008633    -0.2644072254     0.0622867798     0.3722523533
   -0.0000000003    -0.2752757294     0.0627457240     0.3630484576
   -0.0141008640    -0.2644072276     0.0622867798     0.3722523519
   -0.0277543591    -0.2334431735     0.0610686494     0.3979219322
   -0.0405359042    -0.1867770148     0.0594968667     0.4350202507
   -0.0520271711    -0.1302323925     0.0580593826     0.4773121097
   -0.0617669779    -0.0696029659     0.0571664697     0.5193246592
   -0.0692130864    -0.0096947470     0.0570623130     0.5575024154
   -0.0737515386     0.0458654219     0.0578092156     0.5903196147
   -0.0747630463     0.0942407643     0.0593081234     0.6176671423
   -0.0717440059     0.1328303278     0.0613257302     0.6400237901
   -0.0644724703     0.1589253373     0.0635285903     0.6578140916
   -0.0532315556     0.1697766879     0.0655216999     0.6711409757
   -0.0389592497     0.1630835777     0.0669639743     0.6798968699
   -0.0236389276     0.1377345511     0.0674949292     0.6841457102
   -0.0093643627     0.0944307040     0.0674054416     0.6846272074
   -0.0013363747     0.0356063065     0.0654763737     0.6832282692
    0.0000000000     0.0000000000     0.0654763737     0.6832282692
    0.0000000000     0.0000000000     0.0853890868     0.6656221607
    0.0012271043     0.0306689856     0.0853890868     0.6656221607
    0.0089761051     0.0829409524     0.0873005531     0.6680721353
    0.0231395133     0.1228977385     0.0875140797     0.6693454124
    0.0388496025     0.1478122104     0.0871924692     0.6672227172
    0.0540573359     0.1563531192     0.0860194088     0.6606411934
    0.0666784457     0.1488501254     0.0842967532     0.6492255434
    0.0755728553     0.1268460689     0.0823097952     0.6328071837
    0.0802265268     0.0924860975     0.0804139979     0.6110820464
    0.0806415744     0.0480750475     0.0789276082     0.5835341952
    0.0771266937    -0.0040014997     0.0780923665     0.5497187125
    0.0701321055    -0.0609773567     0.0780335749     0.5098995366
    0.0601349649    -0.1192102278     0.0787251677     0.4658583638
    0.0475975955    -0.1738557083     0.0799611798     0.4214739620
    0.0329976776    -0.2191106967     0.0813647831     0.3825620352
    0.0168991772    -0.2491887755     0.0824725129     0.3556627311
   -0.0000000002    -0.2597529851     0.0828931208     0.3460238108
   -0.0168991775    -0.2491887779     0.0824725129     0.3556627294
   -0.0329976778    -0.2191107007     0.0813647832     0.3825620325
   -0.0475975957    -0.1738557131     0.0799611798     0.4214739593
   -0.0601349649    -0.1192102322     0.0787251677     0.4658583620
   -0.0701321054    -0.0609773600     0.0780335748     0.5098995365
   -0.0771266936    -0.0040015013     0.0780923664     0.5497187143
   -0.0806415741     0.0480750474     0.0789276081     0.5835341988
   -0.0802265266     0.0924860990     0.0804139978     0.6110820514
   -0.0755728551     0.1268460715     0.0823097952     0.6328071899
   -0.0666784456     0.1488501287     0.0842967531     0.6492255503
   -0.0540573359     0.1563531230     0.0860194088     0.6606412009
   -0.0388496026     0.1478122142     0.0871924692     0.6672227251
   -0.0231395133     0.1228977417     0.0875140797     0.6693454205
   -0.0089761051     0.0829409547     0.0873005531     0.6680721435
   -0.0012271043     0.0306689865     0.0853890868     0.6656221689
    0.0000000000     0.0000000000     0.0853890868     0.6656221689
    0.0000000000     0.0000000000     0.1052314001     0.6432936928
    0.0011174327     0.0259908469     0.1052314001     0.6432936928
    0.0084967343     0.0717645300     0.1070913899     0.6468180843
    0.0223102999     0.1080836067     0.1073968211     0.6498868123
    0.0380816266     0.1320740196     0.1072413130     0.6499179371
    0.0538719945     0.1419504224     0.1062932249     0.6454996028
    0.0675770506     0.1374005072     0.1047996351     0.6359455636
    0.0779100982     0.1192896151     0.1029943144     0.6208381844
    0.0841488035     0.0891858011     0.1011945000     0.5997157647
    0.0860662275     0.0489853536     0.0997032780     0.5720211370
    0.0837452485     0.0008405539     0.0987703185     0.5373916341
    0.0774268754    -0.0525805802     0.0985463886     0.4962793566
    0.0674141278    -0.1076685552     0.0990401851     0.4507195999
    0.0540637438    -0.1596242510     0.1000815575     0.4048565146
    0.0378591780    -0.2027556133     0.1013242601     0.3647328853
    0.0195115341    -0.2314478153     0.1023268908     0.3370482324
   -0.0000000000    -0.2415274537     0.1027110725     0.3271384332
   -0.0195115341    -0.2314478176     0.1023268908     0.3370482305
   -0.0378591781    -0.2027556173     0.1013242601     0.3647328823
   -0.0540637439    -0.1596242558     0.1000815576     0.4048565114
   -0.0674141279    -0.1076685596     0.0990401851     0.4507195976
   -0.0774268754    -0.0525805835     0.0985463886     0.4962793559
   -0.0837452485     0.0008405522     0.0987703185     0.5373916354
   -0.0860662274     0.0489853536     0.0997032780     0.5720211402
   -0.0841488035     0.0891858026     0.1011945000     0.5997157696
   -0.0779100982     0.1192896177     0.1029943144     0.6208381905
   -0.0675770506     0.1374005106     0.1047996352     0.6359455706
   -0.0538719945     0.1419504262     0.1062932250     0.6454996104
   -0.0380816267     0.1320740234     0.1072413132     0.6499179451
   -0.0223102999     0.1080836099     0.1073968213     0.6498868206
   -0.0084967343     0.0717645323     0.1070913901     0.6468180927
   -0.0011174327     0.0259908478     0.1052314004     0.6432937011
    0.0000000000     0.0000000000     0.1052314004     0.6432937011
    0.0000000000     0.0000000000     0.1247480876     0.6150122740
    0.0010098175     0.0216024611     0.1247480876     0.6150122740
    0.0079632374     0.0610364325     0.1265340369     0.6195508660
    0.0212640995     0.0935284806     0.1269067442     0.6243610386
    0.0368557271     0.1161660949     0.1268820241     0.6265128435
    0.0529531484     0.1268613958     0.1261196130     0.6242356877
    0.0674947673     0.1248023306     0.1248150794     0.6165294140
    0.0790970570     0.1102798480     0.1231545852     0.6027454121
    0.0868545259     0.0843418773     0.1214189239     0.5823021987
    0.0903086682     0.0484976566     0.1198966745     0.5546503717
    0.0892938705     0.0046637879     0.1188454480     0.5195569507
    0.0838109838    -0.0446144068     0.1184410943     0.4776895087
    0.0739616244    -0.0958159143     0.1187261424     0.4313205762
    0.0599808994    -0.1442832750     0.1195649261     0.3847809760
    0.0423536079    -0.1845675984     0.1206407576     0.3442019128
    0.0219395026    -0.2113664737     0.1215342322     0.3162772240
    0.0000000001    -0.2207787622     0.1218805001     0.3062957403
   -0.0219395025    -0.2113664760     0.1215342322     0.3162772220
   -0.0423536080    -0.1845676024     0.1206407577     0.3442019095
   -0.0599808996    -0.1442832797     0.1195649262     0.3847809724
   -0.0739616247    -0.0958159187     0.1187261424     0.4313205735
   -0.0838109841    -0.0446144101     0.1184410943     0.4776895077
   -0.0892938708     0.0046637862     0.1188454480     0.5195569516
   -0.0903086684     0.0484976565     0.1198966745     0.5546503746
   -0.0868545261     0.0843418788     0.1214189241     0.5823022034
   -0.0790970573     0.1102798507     0.1231545854     0.6027454181
   -0.0674947676     0.1248023340     0.1248150797     0.6165294210
   -0.0529531487     0.1268613996     0.1261196133     0.6242356954
   -0.0368557273     0.1161660986     0.1268820245     0.6265128516
   -0.0212640997     0.0935284838     0.1269067446     0.6243610470
   -0.0079632375     0.0610364347     0.1265340373     0.6195508744
   -0.0010098175     0.0216024620     0.1247480880     0.6150122823
    0.0000000000     0.0000000000     0.1247480880     0.6150122823
    0.0000000000     0.0000000000     0.1436539823     0.5796652665
    0.0009049285     0.0175205031     0.1436539823     0.5796652665
    0.0073972832     0.0508445450     0.1453508830     0.5850487692
    0.0200751337     0.0793966911     0.1457729552     0.5914016113
    0.0353142957     0.1003075448     0.1458519986     0.5955169857
    0.0515094831     0.1113153501     0.1452433213     0.5952893482
    0.0666862604     0.1112462322     0.1440932114     0.5894129523
    0.0794037408     0.0999332970     0.1425432108     0.5770241168
    0.0885964338     0.0779841371     0.1408391433     0.5574526624
    0.0935764948     0.0465640766     0.1392555746     0.5301979988
    0.0939165276     0.0073645269     0.1380578629     0.4951935214
    0.0893588468    -0.0372150207     0.1374463948     0.4533332882
    0.0797904171    -0.0838052523     0.1374969350     0.4070887446
    0.0653211582    -0.1279967740     0.1381083839     0.3608747930
    0.0464397802    -0.1647217251     0.1389953335     0.3207520322
    0.0241546266    -0.1891298119     0.1397638701     0.2932301894
    0.0000000001    -0.1976961403     0.1400664186     0.2834093408
   -0.0241546264    -0.1891298141     0.1397638702     0.2932301873
   -0.0464397803    -0.1647217290     0.1389953336     0.3207520288
   -0.0653211585    -0.1279967785     0.1381083840     0.3608747892
   -0.0797904177    -0.0838052566     0.1374969351     0.4070887417
   -0.0893588475    -0.0372150240     0.1374463949     0.4533332868
   -0.0939165283     0.0073645252     0.1380578631     0.4951935220
   -0.0935764956     0.0465640765     0.1392555747     0.5301980014
   -0.0885964345     0.0779841385     0.1408391435     0.5574526669
   -0.0794037414     0.0999332996     0.1425432112     0.5770241227
   -0.0666862610     0.1112462356     0.1440932118     0.5894129593
   -0.0515094835     0.1113153539     0.1452433219     0.5952893560
   -0.0353142960     0.1003075485     0.1458519992     0.5955169938
   -0.0200751339     0.0793966942     0.1457729557     0.5914016196
   -0.0073972833     0.0508445472     0.1453508836     0.5850487775
   -0.0009049285     0.0175205039     0.1436539828     0.5796652747
    0.0000000000     0.0000000000     0.1436539828     0.5796652747
    0.0000000000     0.0000000000     0.1616380705     0.5364129167
    0.0008029936     0.0137543146     0.1616380705     0.5364129167
    0.0068089352     0.0412482014     0.1632342235     0.5423549267
    0.0187817286     0.0658040591     0.1636919318     0.5498766919
    0.0335371636     0.0846600825     0.1638538249     0.5556228489
    0.0496636101     0.0954919234     0.1633737021     0.5572232196
    0.0653022828     0.0968956293     0.1623498401     0.5531025756
    0.0789826113     0.0883696460     0.1608811487     0.5422074494
    0.0894980171     0.0701758818     0.1591791859     0.5238061393
    0.0959375286     0.0431936150     0.1575041688     0.4974748215
    0.0976097150     0.0089072452     0.1561280265     0.4633292533
    0.0939959574    -0.0304542698     0.1552742757     0.4224740803
    0.0847729446    -0.0717438209     0.1550512647     0.3775122388
    0.0699365046    -0.1109120971     0.1553940391     0.3328152960
    0.0499886059    -0.1434077071     0.1560534500     0.2941990228
    0.0260819908    -0.1649614610     0.1566688126     0.2678054689
    0.0000000001    -0.1725163279     0.1569172068     0.2584047862
   -0.0260819907    -0.1649614631     0.1566688127     0.2678054669
   -0.0499886061    -0.1434077107     0.1560534502     0.2941990193
   -0.0699365052    -0.1109121013     0.1553940393     0.3328152922
   -0.0847729456    -0.0717438249     0.1550512648     0.3775122357
   -0.0939959586    -0.0304542729     0.1552742758     0.4224740787
   -0.0976097163     0.0089072436     0.1561280267     0.4633292537
   -0.0959375299     0.0431936149     0.1575041691     0.4974748240
   -0.0894980183     0.0701758832     0.1591791863     0.5238061435
   -0.0789826124     0.0883696485     0.1608811492     0.5422074551
   -0.0653022838     0.0968956326     0.1623498407     0.5531025825
   -0.0496636109     0.0954919270     0.1633737028     0.5572232273
   -0.0335371641     0.0846600860     0.1638538257     0.5556228569
   -0.0187817289     0.0658040621     0.1636919326     0.5498767001
   -0.0068089354     0.0412482035     0.1632342243     0.5423549347
   -0.0008029936     0.0137543154     0.1616380713     0.5364129245
    0.0000000000     0.0000000000     0.1616380713     0.5364129245
    0.0000000000     0.0000000000     0.1783740628     0.4848395229
    0.0007037024     0.0103112128     0.1783740628     0.4848395229
    0.0061962270     0.0322969258     0.1798565595     0.4909540614
    0.0173840686     0.0528458105     0.1803371306     0.4991021281
    0.0315337443     0.0693587717     0.1805634534     0.5059524273
    0.0474337628     0.0795497311     0.1801906389     0.5089901684
    0.0633574265     0.0819113749     0.1792696060     0.5064470568
    0.0778216493     0.0757326296     0.1778579582     0.4971271071
    0.0894939530     0.0610313097     0.1761328949     0.4802665114
    0.0972517780     0.0384648586     0.1743387928     0.4555312860
    0.1001513067     0.0093297307     0.1727514744     0.4232077801
    0.0974303083    -0.0243454617     0.1716147980     0.3845608959
    0.0885803434    -0.0597124111     0.1710686453     0.3422251607
    0.0735100228    -0.0931930058     0.1710871562     0.3003796783
    0.0527491936    -0.1208747623     0.1714656264     0.2644144695
    0.0275828998    -0.1391763365     0.1718884289     0.2399254273
    0.0000000001    -0.1455790303     0.1720680798     0.2312200782
   -0.0275828998    -0.1391763383     0.1718884290     0.2399254253
   -0.0527491940    -0.1208747655     0.1714656265     0.2644144662
   -0.0735100237    -0.0931930097     0.1710871564     0.3003796747
   -0.0885803448    -0.0597124147     0.1710686455     0.3422251577
   -0.0974303101    -0.0243454645     0.1716147983     0.3845608943
   -0.1001513086     0.0093297292     0.1727514748     0.4232077804
   -0.0972517801     0.0384648585     0.1743387932     0.4555312882
   -0.0894939549     0.0610313109     0.1761328955     0.4802665154
   -0.0778216511     0.0757326319     0.1778579589     0.4971271126
   -0.0633574279     0.0819113779     0.1792696069     0.5064470634
   -0.0474337639     0.0795497344     0.1801906398     0.5089901757
   -0.0315337451     0.0693587749     0.1805634544     0.5059524350
   -0.0173840690     0.0528458132     0.1803371316     0.4991021359
   -0.0061962272     0.0322969277     0.1798565605     0.4909540690
   -0.0007037024     0.0103112135     0.1783740638     0.4848395303
    0.0000000000     0.0000000000     0.1783740638     0.4848395303
    0.0000000000     0.0000000000     0.1935361441     0.4250665113
    0.0006039498     0.0072026653     0.1935361441     0.4250665113
    0.0055380296     0.0240494580     0.1948857394     0.4309138973
    0.0158320340     0.0406250411     0.1953743012     0.4390289043
    0.0292246322     0.0545455249     0.1956451647     0.4462962992
    0.0447055355     0.0636609255     0.1953582585     0.4502166011
    0.0606882545     0.0664845289     0.1945176423     0.4489475412
    0.0756873410     0.0622192021     0.1931409835     0.4412276004
    0.0882595981     0.0507392525     0.1913706791     0.4262988909
    0.0970920155     0.0325415435     0.1894327415     0.4039174184
    0.1010186508     0.0087468806     0.1876025904     0.3744994622
    0.0990749006    -0.0188547419     0.1861400656     0.3393850117
    0.0906153848    -0.0477937408     0.1852149441     0.3011116464
    0.0755034932    -0.0750644475     0.1848444366     0.2635041808
    0.0543133630    -0.0974897239     0.1848789095     0.2313514512
    0.0284370865    -0.1122473279     0.1850624984     0.2095416997
   -0.0000000000    -0.1173965512     0.1851561276     0.2018040651
   -0.0284370867    -0.1122473295     0.1850624985     0.2095416979
   -0.0543133637    -0.0974897266     0.1848789096     0.2313514482
   -0.0755034945    -0.0750644508     0.1848444369     0.2635041775
   -0.0906153866    -0.0477937440     0.1852149444     0.3011116436
   -0.0990749029    -0.0188547443     0.1861400660     0.3393850101
   -0.1010186534     0.0087468792     0.1876025908     0.3744994623
   -0.0970920182     0.0325415434     0.1894327421     0.4039174203
   -0.0882596007     0.0507392535     0.1913706799     0.4262988946
   -0.0756873433     0.0622192041     0.1931409844     0.4412276054
   -0.0606882564     0.0664845316     0.1945176433     0.4489475473
   -0.0447055370     0.0636609284     0.1953582597     0.4502166079
   -0.0292246332     0.0545455277     0.1956451659     0.4462963063
   -0.0158320346     0.0406250435     0.1953743024     0.4390289114
   -0.0055380298     0.0240494596     0.1948857406     0.4309139042
   -0.0006039499     0.0072026659     0.1935361452     0.4250665180
    0.0000000000     0.0000000000     0.1935361452     0.4250665180
    0.0000000000     0.0000000000     0.2068212087     0.3577924019
    0.0004920907     0.0044626181     0.2068212087     0.3577924019
    0.0047786896     0.0166091284     0.2080102256     0.3629475427
    0.0140027482     0.0293005629     0.2084914017     0.3703479964
    0.0264114367     0.0404271638     0.2087859687     0.3772748010
    0.0411905268     0.0480765160     0.2085621806     0.3814218774
    0.0568968569     0.0509038444     0.2077774380     0.3810231015
    0.0720517537     0.0481425749     0.2064114043     0.3748550338
    0.0851239922     0.0396143662     0.2045716599     0.3622142598
    0.0946486820     0.0257045808     0.2024631843     0.3429382497
    0.0992934871     0.0073575486     0.2003560579     0.3175099456
    0.0979609153    -0.0139227018     0.1985211784     0.2872339070
    0.0899403606    -0.0361220738     0.1971567149     0.2544068180
    0.0751035353    -0.0568861467     0.1963278396     0.2223403421
    0.0540807415    -0.0738282184     0.1959516859     0.1950677725
    0.0283257849    -0.0849068921     0.1958473641     0.1766383399
   -0.0000000001    -0.0887587917     0.1958370649     0.1701128544
   -0.0283257852    -0.0849068933     0.1958473642     0.1766383384
   -0.0540807423    -0.0738282205     0.1959516861     0.1950677699
   -0.0751035368    -0.0568861493     0.1963278399     0.2223403392
   -0.0899403628    -0.0361220764     0.1971567153     0.2544068156
   -0.0979609180    -0.0139227038     0.1985211788     0.2872339056
   -0.0992934903     0.0073575474     0.2003560585     0.3175099456
   -0.0946486853     0.0257045807     0.2024631850     0.3429382513
   -0.0851239954     0.0396143670     0.2045716608     0.3622142630
   -0.0720517565     0.0481425765     0.2064114053     0.3748550382
   -0.0568968592     0.0509038466     0.2077774392     0.3810231069
   -0.0411905286     0.0480765184     0.2085621820     0.3814218833
   -0.0264114379     0.0404271661     0.2087859701     0.3772748072
   -0.0140027489     0.0293005649     0.2084914031     0.3703480026
   -0.0047786899     0.0166091297     0.2080102270     0.3629475486
   -0.0004920907     0.0044626185     0.2068212100     0.3577924077
    0.0000000000     0.0000000000     0.2068212100     0.3577924077
    0.0000000000     0.0000000000     0.2179542951     0.2842329087
    0.0003452895     0.0021619741     0.2179542951     0.2842329087
    0.0038245356     0.0101388373     0.2189445826     0.2883602796
    0.0116973140     0.0191002690     0.2194037363     0.2944593544
    0.0227648649     0.0272886735     0.2197006237     0.3003474948
    0.0363946452     0.0331409730     0.2195143910     0.3040799965
    0.0512905204     0.0355706963     0.2187565418     0.3041233229
    0.0660012159     0.0339446859     0.2173723795     0.2994060045
    0.0789527468     0.0281036253     0.2154363435     0.2893321644
    0.0885984293     0.0183492502     0.2131307060     0.2738075075
    0.0935306856     0.0054303016     0.2107156621     0.2533082199
    0.0926203720    -0.0094900244     0.2084684399     0.2289861246
    0.0851831758    -0.0249177227     0.2066142217     0.2027589505
    0.0711548265    -0.0391918107     0.2052704840     0.1772898154
    0.0512177403    -0.0507146851     0.2044307182     0.1557406585
    0.0268126963    -0.0581859743     0.2040005373     0.1412341816
   -0.0000000001    -0.0607714699     0.2038725177     0.1361079986
   -0.0268126967    -0.0581859751     0.2040005374     0.1412341804
   -0.0512177412    -0.0507146866     0.2044307185     0.1557406564
   -0.0711548281    -0.0391918126     0.2052704843     0.1772898131
   -0.0851831782    -0.0249177246     0.2066142221     0.2027589484
   -0.0926203750    -0.0094900259     0.2084684404     0.2289861234
   -0.0935306891     0.0054303007     0.2107156628     0.2533082199
   -0.0885984329     0.0183492500     0.2131307068     0.2738075088
   -0.0789527503     0.0281036259     0.2154363445     0.2893321669
   -0.0660012190     0.0339446871     0.2173723807     0.2994060080
   -0.0512905230     0.0355706980     0.2187565432     0.3041233272
   -0.0363946472     0.0331409748     0.2195143925     0.3040800013
   -0.0227648663     0.0272886753     0.2197006252     0.3003474998
   -0.0116973148     0.0191002704     0.2194037379     0.2944593594
   -0.0038245359     0.0101388383     0.2189445842     0.2883602844
   -0.0003452895     0.0021619745     0.2179542966     0.2842329134
    0.0000000000     0.0000000000     0.2179542966     0.2842329134
    0.0000000000     0.0000000000     0.2267157671     0.2059533436
    0.0001261551     0.0004719944     0.2267157671     0.2059533436
    0.0025532614     0.0049650958     0.2274902266     0.2088655576
    0.0086707509     0.0104808913     0.2279478642     0.2132759257
    0.0178516640     0.0157191349     0.2282605069     0.2176207085
    0.0296210750     0.0195740183     0.2281103140     0.2204473677
    0.0428477247     0.0213071577     0.2273594027     0.2205869920
    0.0561641348     0.0204897484     0.2259211178     0.2172192047
    0.0680472903     0.0170225090     0.2238401627     0.2099005043
    0.0769915207     0.0111276175     0.2212783576     0.1985886495
    0.0816522281     0.0033287674     0.2184872436     0.1836836779
    0.0810012440    -0.0055957054     0.2157524813     0.1660821235
    0.0744804042    -0.0146988950     0.2133311228     0.1472135334
    0.0621293723    -0.0229925893     0.2114006615     0.1290006126
    0.0446452635    -0.0295899106     0.2100394617     0.1136726866
    0.0233408798    -0.0338182106     0.2092463252     0.1033948308
   -0.0000000001    -0.0352720987     0.2089878682     0.0997705217
   -0.0233408803    -0.0338182111     0.2092463253     0.1033948300
   -0.0446452644    -0.0295899116     0.2100394619     0.1136726851
   -0.0621293738    -0.0229925904     0.2114006618     0.1290006108
   -0.0744804065    -0.0146988962     0.2133311232     0.1472135319
   -0.0810012470    -0.0055957064     0.2157524818     0.1660821225
   -0.0816522315     0.0033287668     0.2184872443     0.1836836778
   -0.0769915243     0.0111276174     0.2212783586     0.1985886503
   -0.0680472937     0.0170225093     0.2238401638     0.2099005061
   -0.0561641379     0.0204897492     0.2259211191     0.2172192072
   -0.0428477273     0.0213071588     0.2273594042     0.2205869951
   -0.0296210770     0.0195740195     0.2281103156     0.2204473711
   -0.0178516653     0.0157191360     0.2282605086     0.2176207121
   -0.0086707516     0.0104808922     0.2279478659     0.2132759293
   -0.0025532617     0.0049650963     0.2274902282     0.2088655611
   -0.0001261552     0.0004719946     0.2267157687     0.2059533470
    0.0000000000     0.0000000000     0.2267157687     0.2059533470
    0.0000000000     0.0000000000     0.2328241035     0.1246130373
   -0.0001488241    -0.0004414325     0.2328241035     0.1246130373
    0.0010132974     0.0013324524     0.2333734570     0.1262887568
    0.0049106747     0.0037627072     0.2338335038     0.1288757890
    0.0114046203     0.0061430463     0.2341568872     0.1314521890
    0.0201584061     0.0079243713     0.2340253997     0.1331331182
    0.0302784400     0.0087724752     0.2332586735     0.1331971448
    0.0406293642     0.0084967718     0.2317469462     0.1311374316
    0.0499366313     0.0070655575     0.2295131868     0.1266873199
    0.0569540690     0.0046013775     0.2267035195     0.1198376635
    0.0606076663     0.0013655960     0.2235622764     0.1108573462
    0.0601328214    -0.0022771150     0.2203825623     0.1003150928
    0.0551842112    -0.0059136820     0.2174502066     0.0890865664
    0.0458977754    -0.0091490279     0.2149965565     0.0783168208
    0.0328846512    -0.0116645687     0.2131745267     0.0693034970
    0.0171558728    -0.0132476829     0.2120628168     0.0632849156
   -0.0000000001    -0.0137865062     0.2116903034     0.0611672963
   -0.0171558732    -0.0132476831     0.2120628169     0.0632849151
   -0.0328846520    -0.0116645691     0.2131745268     0.0693034960
   -0.0458977766    -0.0091490284     0.2149965567     0.0783168197
   -0.0551842131    -0.0059136825     0.2174502069     0.0890865654
   -0.0601328238    -0.0022771154     0.2203825629     0.1003150922
   -0.0606076691     0.0013655957     0.2235622772     0.1108573461
   -0.0569540719     0.0046013775     0.2267035205     0.1198376639
   -0.0499366342     0.0070655577     0.2295131880     0.1266873209
   -0.0406293667     0.0084967721     0.2317469476     0.1311374331
   -0.0302784421     0.0087724757     0.2332586750     0.1331971467
   -0.0201584077     0.0079243718     0.2340254013     0.1331331203
   -0.0114046213     0.0061430468     0.2341568889     0.1314521912
   -0.0049106753     0.0037627076     0.2338335056     0.1288757912
   -0.0010132976     0.0013324526     0.2333734588     0.1262887590
    0.0001488241    -0.0004414325     0.2328241052     0.1246130393
    0.0000000000     0.0000000000     0.2328241052     0.1246130393
    0.0000000000     0.0000000000     0.2360984098     0.0416910642
   -0.0003843631    -0.0003471678     0.2360984098     0.0416910642
   -0.0004930539    -0.0000481087     0.2367087445     0.0422275199
    0.0007696552     0.0004376247     0.2375164445     0.0430652004
    0.0034756467     0.0009247859     0.2381949766     0.0439024323
    0.0074441088     0.0012909458     0.2383375762     0.0444433304
    0.0122040710     0.0014759325     0.2376752609     0.0444446123
    0.0171565180     0.0014465653     0.2360533769     0.0437356463
    0.0216361074     0.0012029368     0.2334765320     0.0422293328
    0.0250096752     0.0007770521     0.2301010740     0.0399286182
    0.0267602650     0.0002279411     0.2262083417     0.0369320613
    0.0265580910    -0.0003695600     0.2221539872     0.0334378143
    0.0243023826    -0.0009398974     0.2183077991     0.0297414361
    0.0201252815    -0.0014217525     0.2149984092     0.0262192601
    0.0143571136    -0.0017772098     0.2124770789     0.0232882801
    0.0074667680    -0.0019911535     0.2109072879     0.0213394215
   -0.0000000000    -0.0020620945     0.2103753158     0.0206552735
   -0.0074667682    -0.0019911536     0.2109072879     0.0213394214
   -0.0143571139    -0.0017772098     0.2124770789     0.0232882798
   -0.0201252820    -0.0014217526     0.2149984093     0.0262192597
   -0.0243023834    -0.0009398975     0.2183077993     0.0297414358
   -0.0265580921    -0.0003695601     0.2221539876     0.0334378141
   -0.0267602663     0.0002279411     0.2262083424     0.0369320612
   -0.0250096766     0.0007770521     0.2301010750     0.0399286183
   -0.0216361088     0.0012029368     0.2334765332     0.0422293331
   -0.0171565193     0.0014465654     0.2360533783     0.0437356468
   -0.0122040720     0.0014759326     0.2376752625     0.0444446129
   -0.0074441095     0.0012909458     0.2383375780     0.0444433310
   -0.0034756472     0.0009247860     0.2381949785     0.0439024330
   -0.0007696554     0.0004376247     0.2375164464     0.0430652012
    0.0004930539    -0.0000481087     0.2367087463     0.0422275206
    0.0003843631    -0.0003471679     0.2360984117     0.0416910649
    0.0000000000     0.0000000000     0.2360984117     0.0416910649
    0.0000000000     0.0000000000     0.0000000000     0.0000000000
    0.0000000000     0.0000000000     0.2360984098     0.0000000000
    0.0000000000     0.0000000000     0.2367087445     0.0000000000
    0.0000000000     0.0000000000     0.2375164445     0.0000000000
    0.0000000000     0.0000000000     0.2381949766     0.0000000000
    0.0000000000     0.0000000000     0.2383375762     0.0000000000
    0.0000000000     0.0000000000     0.2376752609     0.0000000000
    0.0000000000     0.0000000000     0.2360533769     0.0000000000
    0.0000000000     0.0000000000     0.2334765320     0.0000000000
    0.0000000000     0.0000000000     0.2301010740     0.0000000000
    0.0000000000     0.0000000000     0.2262083417     0.0000000000
    0.0000000000     0.0000000000     0.2221539872     0.0000000000
    0.0000000000     0.0000000000     0.2183077991     0.0000000000
    0.0000000000     0.0000000000     0.2149984092     0.0000000000
    0.0000000000     0.0000000000     0.2124770789     0.0000000000
    0.0000000000     0.0000000000     0.2109072879     0.0000000000
    0.0000000000     0.0000000000     0.2103753158     0.0000000000
    0.0000000000     0.0000000000     0.2109072879     0.0000000000
    0.0000000000     0.0000000000     0.2124770789     0.0000000000
    0.0000000000     0.0000000000     0.2149984093     0.0000000000
    0.0000000000     0.0000000000     0.2183077993     0.0000000000
    0.0000000000     0.0000000000     0.2221539876     0.0000000000
    0.0000000000     0.0000000000     0.2262083424     0.0000000000
    0.0000000000     0.0000000000     0.2301010750     0.0000000000
    0.0000000000     0.0000000000     0.2334765332     0.0000000000
    0.0000000000     0.0000000000     0.2360533783     0.0000000000
    0.0000000000     0.0000000000     0.2376752625     0.0000000000
    0.0000000000     0.0000000000     0.2383375780     0.0000000000
    0.0000000000     0.0000000000     0.2381949785     0.0000000000
    0.0000000000     0.0000000000     0.2375164464     0.0000000000
    0.0000000000     0.0000000000     0.2367087463     0.0000000000
    0.0000000000     0.0000000000     0.2360984117     0.0000000000
    0.0000000000     0.0000000000     0.0000000000     0.0000000000
