    0.0000000000     0.0000000000     0.0000000000     0.0000000000
    0.0000000000     0.0000000000    -0.2325035203     1.0000000000
    0.0000000000     0.0000000000    -0.2331809731     1.0000000000
    0.0000000000     0.0000000000    -0.2321251942     1.0000000000
    0.0000000000     0.0000000000    -0.2305987319     1.0000000000
    0.0000000000     0.0000000000    -0.2292172378     1.0000000000
    0.0000000000     0.0000000000    -0.2284494790     1.0000000000
    0.0000000000     0.0000000000    -0.2286448162     1.0000000000
    0.0000000000     0.0000000000    -0.2300249052     1.0000000000
    0.0000000000     0.0000000000    -0.2326831855     1.0000000000
    0.0000000000     0.0000000000    -0.2365917210     1.0000000000
    0.0000000000     0.0000000000    -0.2416188177     1.0000000000
    0.0000000000     0.0000000000    -0.2475551770     1.0000000000
    0.0000000000     0.0000000000    -0.2541441277     1.0000000000
    0.0000000000     0.0000000000    -0.2611113956     1.0000000000
    0.0000000000     0.0000000000    -0.2681909066     1.0000000000
    0.0000000000     0.0000000000    -0.2751445841     1.0000000000
    0.0000000000     0.0000000000    -0.2817754602     1.0000000000
    0.0000000000     0.0000000000    -0.2879344183     1.0000000000
    0.0000000000     0.0000000000    -0.2935214307     1.0000000000
    0.0000000000     0.0000000000    -0.2984823002     1.0000000000
    0.0000000000     0.0000000000    -0.3028017574     1.0000000000
    0.0000000000     0.0000000000    -0.3064934415     1.0000000000
    0.0000000000     0.0000000000    -0.3095870276     1.0000000000
    0.0000000000     0.0000000000    -0.3121128346     1.0000000000
    0.0000000000     0.0000000000    -0.3140850224     1.0000000000
    0.0000000000     0.0000000000    -0.3154862076     1.0000000000
    0.0000000000     0.0000000000    -0.3162590657     1.0000000000
    0.0000000000     0.0000000000    -0.3163134167     1.0000000000
    0.0000000000     0.0000000000    -0.3155548516     1.0000000000
    0.0000000000     0.0000000000    -0.3140313486     1.0000000000
    0.0000000000     0.0000000000    -0.3111275622     1.0000000000
    0.0000000000     0.0000000000     0.0000000000     0.0000000000
    0.0000000000     0.0000000000    -0.2325035203     0.9579396015
    0.0000860406     0.0097285658    -0.2325035203     0.9579396015
   -0.0002390474     0.0124749154    -0.2331809731     0.9574255281
   -0.0002542437     0.0123519378    -0.2321251942     0.9564260564
    0.0013748725     0.0117887248    -0.2305987319     0.9551485358
    0.0045772758     0.0112568740    -0.2292172378     0.9538045859
    0.0090980789     0.0108474003    -0.2284494790     0.9525720396
    0.0145897874     0.0105809056    -0.2286448162     0.9515847284
    0.0206520935     0.0104616002    -0.2300249052     0.9509320447
    0.0268729965     0.0104827639    -0.2326831855     0.9506634551
    0.0328648602     0.0106271662    -0.2365917210     0.9507955524
    0.0382935774     0.0108692905    -0.2416188177     0.9513199734
    0.0428978239     0.0111790387    -0.2475551770     0.9522110589
    0.0464977304     0.0115256669    -0.2541441277     0.9534325817
    0.0489942549     0.0118810447    -0.2611113956     0.9549432292
    0.0503615694     0.0122218360    -0.2681909066     0.9567007739
    0.0506350111     0.0125305868    -0.2751445841     0.9586650135
    0.0498968354     0.0127959363    -0.2817754602     0.9607996036
    0.0482614244     0.0130122668    -0.2879344183     0.9630728637
    0.0458609613     0.0131790956    -0.2935214307     0.9654575224
    0.0428320641     0.0133004284    -0.2984823002     0.9679292318
    0.0393036358     0.0133841458    -0.3028017574     0.9704636344
    0.0353863991     0.0134412785    -0.3064934415     0.9730319318
    0.0311653591     0.0134847864    -0.3095870276     0.9755954486
    0.0266977850     0.0135272298    -0.3121128346     0.9781005842
    0.0220208707     0.0135766827    -0.3140850224     0.9804764972
    0.0171742315     0.0136304855    -0.3154862076     0.9826382165
    0.0122413325     0.0136667538    -0.3162590657     0.9844968876
    0.0074090416     0.0136311770    -0.3163134167     0.9859763233
    0.0030458685     0.0133917111    -0.3155548516     0.9870317188
   -0.0003741711     0.0125289432    -0.3140313486     0.9876641411
   -0.0008942362     0.0089404046    -0.3111275622     0.9879238524
    0.0000000000     0.0000000000    -0.3111275622     0.9879238524
    0.0000000000     0.0000000000    -0.1947868442     0.8743469786
   -0.0005505351    -0.0005232170    -0.1947868442     0.8743469786
   -0.0002978953    -0.0022994848    -0.1935040352     0.8727059611
    0.0025676292    -0.0047995772    -0.1923790151     0.8696524837
    0.0081445796    -0.0075456983    -0.1912695514     0.8657983559
    0.0165439527    -0.0100734064    -0.1904444920     0.8617677581
    0.0274331926    -0.0121064715    -0.1901941665     0.8580857692
    0.0402064838    -0.0134866509    -0.1907772226     0.8551444907
    0.0541069944    -0.0141435834    -0.1923738155     0.8532025113
    0.0683313022    -0.0140818261    -0.1950645242     0.8524005295
    0.0821090084    -0.0133673893    -0.1988268931     0.8527839305
    0.0947598261    -0.0121105647    -0.2035469486     0.8543268539
    0.1057296136    -0.0104470994    -0.2090410101     0.8569546030
    0.1146079030    -0.0085206604    -0.2150824464     0.8605627943
    0.1211304493    -0.0064686424    -0.2214285518     0.8650326781
    0.1251706559    -0.0044121522    -0.2278439743     0.8702426940
    0.1267234789    -0.0024500103    -0.2341186455     0.8760766418
    0.1258847728    -0.0006560113    -0.2400795215     0.8824288868
    0.1228282419     0.0009215523    -0.2455964246     0.8892068206
    0.1177814251     0.0022590102    -0.2505828429     0.8963304074
    0.1110016758     0.0033556393    -0.2549927437     0.9037281825
    0.1027531194     0.0042311300    -0.2588143969     0.9113288271
    0.0932863357     0.0049212759    -0.2620620030     0.9190478766
    0.0828241716     0.0054700189    -0.2647657049     0.9267707596
    0.0715595028     0.0059153542    -0.2669605294     0.9343362962
    0.0596731158     0.0062670202    -0.2686751776     0.9415281204
    0.0473804998     0.0064763059    -0.2699225559     0.9480830626
    0.0350125333     0.0064037922    -0.2706958133     0.9537227284
    0.0231205006     0.0058015431    -0.2709778457     0.9582063823
    0.0126125801     0.0043434499    -0.2707528669     0.9613923950
    0.0045265537     0.0018515549    -0.2702440104     0.9632879367
    0.0006043188    -0.0010828044    -0.2692980285     0.9640642175
    0.0000000000     0.0000000000    -0.2692980285     0.9640642175
    0.0000000000     0.0000000000    -0.1703972744     0.7923632163
   -0.0000676882     0.0009475238    -0.1703972744     0.7923632163
    0.0016733331    -0.0021667788    -0.1695132631     0.7894734050
    0.0070016702    -0.0074848060    -0.1686547565     0.7843222948
    0.0159054421    -0.0135129530    -0.1677533003     0.7779382778
    0.0283569119    -0.0191751765    -0.1671520665     0.7713388753
    0.0438254158    -0.0237848126    -0.1671253221     0.7653683718
    0.0615164612    -0.0269342092    -0.1679125166     0.7606461690
    0.0804878894    -0.0284390348    -0.1696756383     0.7575707690
    0.0997623879    -0.0282962686    -0.1724794297     0.7563505084
    0.1184127064    -0.0266423613    -0.1762883214     0.7570441681
    0.1356198261    -0.0237101196    -0.1809784306     0.7596019021
    0.1507073298    -0.0197874285    -0.1863600419     0.7639015839
    0.1631566186    -0.0151815099    -0.1922048253     0.7697785704
    0.1726080199    -0.0101909577    -0.1982727256     0.7770486235
    0.1788523090    -0.0050860115    -0.2043349372     0.7855246460
    0.1818162151    -0.0000961734    -0.2101910448     0.7950282336
    0.1815443867     0.0045964709    -0.2156798330     0.8053969518
    0.1781792851     0.0088600266    -0.2206842379     0.8164877882
    0.1719397164     0.0126131231    -0.2251314433     0.8281764697
    0.1630983726     0.0158234416    -0.2289892910     0.8403514148
    0.1519590381     0.0185037501    -0.2322600853     0.8529004608
    0.1388352715     0.0207029909    -0.2349726158     0.8656889922
    0.1240345352     0.0224881408    -0.2371728787     0.8785307551
    0.1078546652     0.0239116992    -0.2389136612     0.8911579312
    0.0906021181     0.0249614179    -0.2402430592     0.9032036000
    0.0726413847     0.0254952527    -0.2411922701     0.9142135393
    0.0544794700     0.0251769160    -0.2417637525     0.9237000988
    0.0368702417     0.0234475551    -0.2419249295     0.9312362474
    0.0209594787     0.0195954511    -0.2415809377     0.9365677468
    0.0079945685     0.0130668828    -0.2408007409     0.9397073272
    0.0011927699     0.0039660457    -0.2384789486     0.9409720779
    0.0000000000     0.0000000000    -0.2384789486     0.9409720779
    0.0000000000     0.0000000000    -0.1477681264     0.7132511858
    0.0002455109    -0.0004773391    -0.1477681264     0.7132511858
    0.0034424468    -0.0071846893    -0.1463858159     0.7091248791
    0.0113493571    -0.0164408127    -0.1454307219     0.7020195449
    0.0233144098    -0.0263586870    -0.1445804742     0.6934063486
    0.0390927379    -0.0354744796    -0.1441500271     0.6846598195
    0.0579560529    -0.0427919981    -0.1443626936     0.6768825810
    0.0789733765    -0.0477111500    -0.1454181584     0.6708566663
    0.1011120016    -0.0499717813    -0.1474432959     0.6670633259
    0.1233426087    -0.0495909930    -0.1504713354     0.6657350771
    0.1447148865    -0.0467939750    -0.1544393947     0.6669170924
    0.1644039719    -0.0419446585    -0.1592017253     0.6705250508
    0.1817328960    -0.0354829158    -0.1645533686     0.6763934970
    0.1961775875    -0.0278730661    -0.1702578888     0.6843130623
    0.2073608681    -0.0195655149    -0.1760739684     0.6940572890
    0.2150406079    -0.0109708579    -0.1817774470     0.7054008754
    0.2190956124    -0.0024441973    -0.1871772040     0.7181313604
    0.2195112568     0.0057232322    -0.1921247027     0.7320558995
    0.2163655907     0.0133079263    -0.1965179020     0.7470039618
    0.2098157018     0.0201555023    -0.2003006562     0.7628255582
    0.2000837080     0.0261802490    -0.2034587959     0.7793831441
    0.1874419913     0.0313613449    -0.2060139369     0.7965341486
    0.1721984725     0.0357314958    -0.2080157576     0.8141013685
    0.1546850191     0.0393509970    -0.2095330697     0.8318319182
    0.1352552571     0.0422591615    -0.2106435239     0.8493531503
    0.1143010321     0.0443983980    -0.2114213997     0.8661443665
    0.0922972996     0.0455168530    -0.2119228566     0.8815502410
    0.0698811930     0.0450744972    -0.2121683219     0.8948569705
    0.0479535647     0.0422034805    -0.2121267645     0.9054305644
    0.0278542131     0.0357982290    -0.2116662073     0.9128855823
    0.0110260407     0.0248685642    -0.2108332037     0.9172307333
    0.0017928592     0.0090364226    -0.2079722546     0.9189376974
    0.0000000000     0.0000000000    -0.2079722546     0.9189376974
    0.0000000000     0.0000000000    -0.1277755129     0.6384899513
    0.0005266095    -0.0027028675    -0.1277755129     0.6384899513
    0.0050812468    -0.0139177862    -0.1259914690     0.6332741976
    0.0153598224    -0.0276347681    -0.1249829738     0.6245952586
    0.0300017358    -0.0416661049    -0.1242017751     0.6143545679
    0.0484946930    -0.0542310194    -0.1239729510     0.6042145214
    0.0698858662    -0.0640936961    -0.1244847590     0.5954437937
    0.0931142160    -0.0705264753    -0.1258977573     0.5888946156
    0.1170928462    -0.0732490734    -0.1282957158     0.5850523241
    0.1407984107    -0.0723417510    -0.1316687577     0.5841157754
    0.1633287079    -0.0681463574    -0.1359151255     0.5860817148
    0.1839302472    -0.0611700925    -0.1408577214     0.5908185132
    0.2020030924    -0.0520025192    -0.1462696956     0.5981235169
    0.2170910785    -0.0412512530    -0.1519025623     0.6077636530
    0.2288648260    -0.0294971164    -0.1575118967     0.6195017110
    0.2371031502    -0.0172663412    -0.1628776996     0.6331117327
    0.2416764394    -0.0050157384    -0.1678183817     0.6483868606
    0.2425337603     0.0068736833    -0.1721986337     0.6651422369
    0.2396939716     0.0180986878    -0.1759321559     0.6832143034
    0.2332400500     0.0284341908    -0.1789804485     0.7024561489
    0.2233152128     0.0377328635    -0.1813487757     0.7227265120
    0.2101194139     0.0459218494    -0.1830801712     0.7438682316
    0.1939056632     0.0529906789    -0.1842480073     0.7656718265
    0.1749776319     0.0589606554    -0.1849472163     0.7878238407
    0.1536931068     0.0638244209    -0.1852837305     0.8098495169
    0.1304812324     0.0674487932    -0.1853611663     0.8310737381
    0.1058832195     0.0694478534    -0.1852634646     0.8506352236
    0.0806250939     0.0690567231    -0.1850320207     0.8675842501
    0.0557166940     0.0650642880    -0.1846417249     0.8810659722
    0.0326581832     0.0558807782    -0.1839307215     0.8905487532
    0.0130796234     0.0398478088    -0.1829181173     0.8960262445
    0.0021686297     0.0156942016    -0.1795450544     0.8981256751
    0.0000000000     0.0000000000    -0.1795450544     0.8981256751
    0.0000000000     0.0000000000    -0.1100090332     0.5695548920
    0.0007649103    -0.0057573709    -0.1100090332     0.5695548920
    0.0065215492    -0.0225056858    -0.1078476366     0.5635387767
    0.0188952644    -0.0412115551    -0.1067886859     0.5538799023
    0.0358184282    -0.0594839506    -0.1060968051     0.5428534053
    0.0564824037    -0.0753361904    -0.1061164295     0.5323108821
    0.0796970243    -0.0873988064    -0.1070021794     0.5235753907
    0.1042759198    -0.0949114414    -0.1088693848     0.5174656603
    0.1290991802    -0.0976522130    -0.1117484591     0.5143874102
    0.1531825776    -0.0958231166    -0.1155753568     0.5144468711
    0.1757123135    -0.0899199149    -0.1202001039     0.5175581365
    0.1960499228    -0.0806098511    -0.1254079131     0.5235302578
    0.2137171022    -0.0686310545    -0.1309468639     0.5321299817
    0.2283697481    -0.0547190748    -0.1365558270     0.5431218280
    0.2397690240    -0.0395596875    -0.1419883502     0.5562899398
    0.2477549337    -0.0237634065    -0.1470304158     0.5714468824
    0.2522256615    -0.0078555649    -0.1515117692     0.5884341317
    0.2531241214     0.0077242651    -0.1553116243     0.6071178456
    0.2504317632     0.0226188716    -0.1583600098     0.6273818647
    0.2441686525     0.0365497510    -0.1606360056     0.6491177618
    0.2343981366     0.0493144524    -0.1621638377     0.6722092107
    0.2212341418     0.0607825549    -0.1630074243     0.6965055584
    0.2048495690     0.0708831484    -0.1632635770     0.7217789274
    0.1854856997     0.0795717263    -0.1630536493     0.7476633949
    0.1634651594     0.0867619766    -0.1625129604     0.7735864877
    0.1392143662     0.0922125965    -0.1617767619     0.7987211936
    0.1133041089     0.0953750740    -0.1609610559     0.8220017018
    0.0865185630     0.0952346260    -0.1601358900     0.8422422089
    0.0599511393     0.0902046950    -0.1592951504     0.8583642827
    0.0352281817     0.0781480255    -0.1582702485     0.8696844709
    0.0141259055     0.0566067420    -0.1570660565     0.8761738161
    0.0023370258     0.0232080393    -0.1533859266     0.8786077736
    0.0000000000     0.0000000000    -0.1533859266     0.8786077736
    0.0000000000     0.0000000000    -0.0941073415     0.5077005873
    0.0009749586    -0.0095334959    -0.0941073415     0.5077005873
    0.0077771797    -0.0326978866    -0.0916243445     0.5012823059
    0.0219313637    -0.0567863276    -0.0905521569     0.4913717483
    0.0407002382    -0.0792925093    -0.0900002007     0.4805166543
    0.0629761991    -0.0981341240    -0.0903336550     0.4706401962
    0.0873416891    -0.1119217791    -0.0916730901     0.4630066850
    0.1125033865    -0.1199677180    -0.0940828389     0.4583068596
    0.1373339254    -0.1221955666    -0.0975318367     0.4567967070
    0.1609167607    -0.1189925955    -0.1018941076     0.4584437755
    0.1825542571    -0.1110474401    -0.1069659342     0.4630543113
    0.2017477719    -0.0992039499    -0.1124922665     0.4703699156
    0.2181621719    -0.0843469352    -0.1181962497     0.4801323165
    0.2315847656    -0.0673240337    -0.1238061592     0.4921201965
    0.2418860663    -0.0489004381    -0.1290765082     0.5061643210
    0.2489869777    -0.0297394597    -0.1338023218     0.5221476297
    0.2528347684    -0.0104007618    -0.1378271504     0.5399962213
    0.2533886570     0.0086514932    -0.1410462005     0.5596657256
    0.2506148005     0.0270370537    -0.1434061222     0.5811255998
    0.2444897534     0.0444490898    -0.1449027216     0.6043414332
    0.2350109160     0.0606465737    -0.1455773982     0.6292524321
    0.2222121267     0.0754472484    -0.1455125946     0.6557384557
    0.2061825914     0.0887133927    -0.1448261023     0.6835701017
    0.1870881296     0.1003165846    -0.1436636847     0.7123397226
    0.1651955588     0.1100641944    -0.1421890919     0.7413842653
    0.1409038555     0.1175745603    -0.1405700187     0.7697315877
    0.1147886244     0.1221043649    -0.1389579874     0.7961202071
    0.0876696547     0.1223595010    -0.1374589685     0.8191394611
    0.0607007847     0.1163492141    -0.1360980570     0.8374985939
    0.0355900464     0.1013546895    -0.1347216077     0.8503696365
    0.0141938338     0.0740762818    -0.1333300075     0.8576999593
    0.0023141044     0.0310093875    -0.1295565425     0.8603993324
    0.0000000000     0.0000000000    -0.1295565425     0.8603993324
    0.0000000000     0.0000000000    -0.0796924072     0.4537692716
    0.0011646497    -0.0139333805    -0.0796924072     0.4537692716
    0.0088482398    -0.0442364398    -0.0769560506     0.4473966042
    0.0244223962    -0.0739618057    -0.0759181400     0.4379876991
    0.0445363754    -0.1005707068    -0.0755630195     0.4282293480
    0.0678022067    -0.1219973760    -0.0762730172     0.4199965555
    0.0926084465    -0.1369524141    -0.0781324036     0.4143989189
    0.1175923842    -0.1449310468    -0.0811491254     0.4119305360
    0.1416567373    -0.1460906379    -0.0852249204     0.4126534115
    0.1639848276    -0.1410642113    -0.0901677614     0.4163707546
    0.1840185659    -0.1307665275    -0.0957186606     0.4227683303
    0.2014128705    -0.1162284065    -0.1015833641     0.4315167564
    0.2159813233    -0.0984746242    -0.1074630281     0.4423360806
    0.2276429345    -0.0784466998    -0.1130791985     0.4550282804
    0.2363761056    -0.0569640447    -0.1181912411     0.4694851496
    0.2421826869    -0.0347138048    -0.1226064649     0.4856792708
    0.2450630047    -0.0122594451    -0.1261844119     0.5036449091
    0.2450016870     0.0099407489    -0.1288372195     0.5234540377
    0.2419636676     0.0315123671    -0.1305278053     0.5451905255
    0.2358995530     0.0521457646    -0.1312671284     0.5689228384
    0.2267593594     0.0715812874    -0.1311111467     0.5946724983
    0.2145133950     0.0895967755    -0.1301574775     0.6223725845
    0.1991789001     0.1059893713    -0.1285412618     0.6518096371
    0.1808512514     0.1205369041    -0.1264293612     0.6825469669
    0.1597394118     0.1329197160    -0.1240116696     0.7138413390
    0.1362070406     0.1425872935    -0.1214878383     0.7445875762
    0.1108227921     0.1485706071    -0.1190470188     0.7733459640
    0.0844266449     0.1492695811    -0.1168366977     0.7985046241
    0.0582088888     0.1422743039    -0.1149229647     0.8185867314
    0.0339045906     0.1242916904    -0.1131855767     0.8326409688
    0.0133675895     0.0912300676    -0.1116269269     0.8405973971
    0.0021224082     0.0385743891    -0.1079646393     0.8434816670
    0.0000000000     0.0000000000    -0.1079646393     0.8434816670
    0.0000000000     0.0000000000    -0.0663629145     0.4080731356
    0.0013337477    -0.0188595777    -0.0663629145     0.4080731356
    0.0097113072    -0.0568325482    -0.0634512670     0.4021734776
    0.0262843909    -0.0922784058    -0.0625005860     0.3939336247
    0.0471616583    -0.1227186510    -0.0623997479     0.3860364964
    0.0707130659    -0.1462255709    -0.0635402107     0.3802064755
    0.0951895154    -0.1617358485    -0.0659662308     0.3773335322
    0.1192149689    -0.1690381243    -0.0696248351     0.3776795353
    0.1417709521    -0.1686052908    -0.0743477245     0.3810956976
    0.1621760442    -0.1613655555    -0.0798767212     0.3872139503
    0.1800313987    -0.1484803218    -0.0859001893     0.3955969739
    0.1951504821    -0.1311660948    -0.0920892185     0.4058436241
    0.2074891249    -0.1105722891    -0.0981283152     0.4176526897
    0.2170844890    -0.0877114854    -0.1037373843     0.4308513228
    0.2240067637    -0.0634315833    -0.1086847599     0.4453962343
    0.2283241470    -0.0384175658    -0.1127928150     0.4613561156
    0.2300800969    -0.0132116086    -0.1159384496     0.4788828725
    0.2292814604     0.0117577290    -0.1180507696     0.4981774470
    0.2258963224     0.0361443448    -0.1191078171     0.5194535855
    0.2198608492     0.0596563767    -0.1191335355     0.5429000513
    0.2110947136     0.0820330915    -0.1181954169     0.5686386359
    0.1995247590     0.1030249746    -0.1164026009     0.5966724985
    0.1851163844     0.1223691753    -0.1139036459     0.6268187494
    0.1679118733     0.1397454153    -0.1108827929     0.6586243474
    0.1480747815     0.1546925122    -0.1075531975     0.6912790365
    0.1259397834     0.1664685720    -0.1041450839     0.7235624264
    0.1020679467     0.1738541307    -0.1008859643     0.7538830821
    0.0773094276     0.1749263933    -0.0979683060     0.7804638583
    0.0528650547     0.1668629410    -0.0955058701     0.8016821388
    0.0304348723     0.1458493290    -0.0934258671     0.8164968565
    0.0117784100     0.1071353754    -0.0917360098     0.8248337524
    0.0017933771     0.0454394149    -0.0883706980     0.8278134223
    0.0000000000     0.0000000000    -0.0883706980     0.8278134223
    0.0000000000     0.0000000000    -0.0537138077     0.3703716871
    0.0014767301    -0.0241975042    -0.0537138077     0.3703716871
    0.0103253033    -0.0701458576    -0.0507159738     0.3652904540
    0.0274054798    -0.1111991055    -0.0499076931     0.3587174189
    0.0483815237    -0.1450504765    -0.0501143220     0.3532063689
    0.0714397195    -0.1700452266    -0.0517251503     0.3502616810
    0.0947696051    -0.1854762569    -0.0547402244     0.3505246776
    0.1170513523    -0.1915297585    -0.0590427780     0.3540188884
    0.1373992531    -0.1890617108    -0.0643950468     0.3603875244
    0.1553004938    -0.1793269214    -0.0704767774     0.3690949259
    0.1705282024    -0.1637362093    -0.0769302044     0.3795823386
    0.1830499812    -0.1436758783    -0.0833992112     0.3913762937
    0.1929474677    -0.1203946640    -0.0895586213     0.4041522461
    0.2003528697    -0.0949483340    -0.0951322207     0.4177596202
    0.2054032003    -0.0681870201    -0.0999009611     0.4322168611
    0.2082100869    -0.0407707576    -0.1037040631     0.4476858656
    0.2088421950    -0.0132013178    -0.1064359689     0.4644342279
    0.2073176885     0.0141386349    -0.1080416961     0.4827915743
    0.2036050656     0.0409455028    -0.1085124432     0.5031034608
    0.1976317106     0.0669580734    -0.1078825065     0.5256832510
    0.1893003014     0.0919259501    -0.1062277903     0.5507593342
    0.1785136216     0.1155811259    -0.1036654990     0.5784126452
    0.1652082628     0.1376051380    -0.1003540239     0.6084995366
    0.1493971205     0.1575774133    -0.0964915934     0.6405609997
    0.1312195564     0.1748855079    -0.0923118400     0.6737344143
    0.1109968063     0.1885807074    -0.0880738249     0.7067071786
    0.0892887747     0.1971784948    -0.0840430974     0.7377710826
    0.0669482433     0.1984324357    -0.0804585268     0.7650303795
    0.0451574971     0.1891412374    -0.0774850122     0.7867681148
    0.0255146010     0.1650670615    -0.0751061706     0.8018961261
    0.0095904288     0.1210029548    -0.0733347067     0.8103533696
    0.0013646313     0.0512285363    -0.0704252244     0.8133337692
    0.0000000000     0.0000000000    -0.0704252244     0.8133337692
    0.0000000000     0.0000000000    -0.0413569816     0.3399415058
    0.0015850839    -0.0298076934    -0.0413569816     0.3399415058
    0.0106401540    -0.0837774703    -0.0383736136     0.3359039355
    0.0276652694    -0.1301112809    -0.0377623310     0.3312877755
    0.0480074577    -0.1668083733    -0.0383213042     0.3284319735
    0.0697479873    -0.1926346487    -0.0404241721     0.3285911776
    0.0911066366    -0.2073675593    -0.0440233271     0.3321597233
    0.1108950397    -0.2116803157    -0.0489379893     0.3389348514
    0.1284112133    -0.2068575179    -0.0548653824     0.3483622550
    0.1433355949    -0.1944886805    -0.0614312693     0.3597439843
    0.1556150777    -0.1762166869    -0.0682414841     0.3724008489
    0.1653565687    -0.1535670885    -0.0749220791     0.3857855793
    0.1727427350    -0.1278538715    -0.0811457781     0.3995473782
    0.1779718942    -0.1001446362    -0.0866453526     0.4135536552
    0.1812191900    -0.0712662173    -0.0912169613     0.4278786157
    0.1826143031    -0.0418347708    -0.0947171324     0.4427695866
    0.1822310991    -0.0122986154    -0.0970567476     0.4586006584
    0.1800857728     0.0170141252    -0.0981946357     0.4758203801
    0.1761415250     0.0458482599    -0.0981325098     0.4948968595
    0.1703192331     0.0739777478    -0.0969121428     0.5162603122
    0.1625147097     0.1011663483    -0.0946149129     0.5402402518
    0.1526238366     0.1271304421    -0.0913631815     0.5669927834
    0.1405768941     0.1514968029    -0.0873223776     0.5964145894
    0.1263825906     0.1737420085    -0.0827021577     0.6280471626
    0.1101804278     0.1930959816    -0.0777544765     0.6609903444
    0.0922972135     0.2083954241    -0.0727656334     0.6938662699
    0.0733000030     0.2178891120    -0.0680382328     0.7248915499
    0.0540352850     0.2190260979    -0.0638571883     0.7521061741
    0.0356330125     0.2082894305    -0.0604389031     0.7737570895
    0.0195196535     0.1811562099    -0.0578269564     0.7887560898
    0.0069864466     0.1322121366    -0.0560348846     0.7970746624
    0.0008767041     0.0556669845    -0.0537077666     0.7999594887
    0.0000000000     0.0000000000    -0.0537077666     0.7999594887
    0.0000000000     0.0000000000    -0.0289416240     0.3157137919
    0.0016487247    -0.0355222811    -0.0289416240     0.3157137919
    0.0106042564    -0.0972709980    -0.0260837547     0.3128164759
    0.0269533951    -0.1483405293    -0.0257200077     0.3102490805
    0.0458891495    -0.1871921212    -0.0266633797     0.3100994373
    0.0654845363    -0.2131660861    -0.0292576789     0.3133780843
    0.0840891994    -0.2266408340    -0.0334064600     0.3202525547
    0.1007179405    -0.2288415599    -0.0388683623     0.3303108116
    0.1148922221    -0.2214982722    -0.0452841076     0.3428092973
    0.1264961684    -0.2065172616    -0.0522369562     0.3568893567
    0.1356389351    -0.1857366324    -0.0593081435     0.3717502225
    0.1425418558    -0.1607786349    -0.0661159150     0.3867693915
    0.1474578606    -0.1329830481    -0.0723379843     0.4015682720
    0.1506201970    -0.1033975198    -0.0777200183     0.4160293929
    0.1522139828    -0.0728029180    -0.0820745076     0.4302770854
    0.1523636771    -0.0417574538    -0.0852743378     0.4446348451
    0.1511308254    -0.0106489978    -0.0872445768     0.4595703866
    0.1485182934     0.0202507176    -0.0879549833     0.4756355029
    0.1444790513     0.0507335326    -0.0874147779     0.4934036904
    0.1389291871     0.0806056058    -0.0856703934     0.5134049404
    0.1317661012     0.1096413963    -0.0828062101     0.5360545578
    0.1228936325     0.1375381819    -0.0789476564     0.5615720090
    0.1122559240     0.1638643147    -0.0742654640     0.5898881621
    0.0998807569     0.1879894887    -0.0689792801     0.6205473345
    0.0859304941     0.2089824261    -0.0633581539     0.6526260806
    0.0707545906     0.2254658139    -0.0577144408     0.6847107072
    0.0549322823     0.2354350444    -0.0523863857     0.7149882649
    0.0392896520     0.2360761207    -0.0477029509     0.7414923499
    0.0248646456     0.2236487016    -0.0439293544     0.7624935026
    0.0128425410     0.1935147665    -0.0411672274     0.7769497769
    0.0041536606     0.1403255338    -0.0394231724     0.7848835606
    0.0003693098     0.0585869487    -0.0377689432     0.7875767320
    0.0000000000     0.0000000000    -0.0377689432     0.7875767320
    0.0000000000     0.0000000000    -0.0161714761     0.2964417938
    0.0016567971    -0.0411450754    -0.0161714761     0.2964417938
    0.0101705853    -0.1101222700    -0.0135572260     0.2946704225
    0.0251856474    -0.1651760962    -0.0134830667     0.2940896636
    0.0419405131    -0.2054000375    -0.0148252879     0.2965455318
    0.0586090794    -0.2308559891    -0.0178848779     0.3028331439
    0.0737689329    -0.2426146944    -0.0225190708     0.3129184768
    0.0866969795    -0.2424843977    -0.0284336062     0.3261926707
    0.0971603259    -0.2326244883    -0.0352248680     0.3417247881
    0.1052403741    -0.2152146685    -0.0424473332     0.3584932140
    0.1111841869    -0.1922354563    -0.0496700687     0.3755741582
    0.1152950142    -0.1653559253    -0.0565128627     0.3922706224
    0.1178626175    -0.1359012801    -0.0626640600     0.4081777116
    0.1191252420    -0.1048705114    -0.0678844319     0.4231927877
    0.1192536449    -0.0729809433    -0.0720023498     0.4374860496
    0.1183488744    -0.0407245880    -0.0749048735     0.4514477515
    0.1164478627    -0.0084277673    -0.0765282006     0.4656246006
    0.1135332792     0.0236902147    -0.0768497701     0.4806525946
    0.1095460768     0.0554610421    -0.0758833419     0.4971886001
    0.1044007388     0.0867142052    -0.0736776005     0.5158392397
    0.0980044228     0.1172255437    -0.0703181957     0.5370835664
    0.0902819073     0.1466643954    -0.0659325478     0.5611861289
    0.0812081769     0.1745331399    -0.0606961469     0.5881006704
    0.0708490894     0.2000894779    -0.0548383952     0.6173736923
    0.0594073437     0.2222407370    -0.0486451700     0.6480721886
    0.0472657503     0.2394055231    -0.0424540995     0.6787771726
    0.0350131812     0.2493554365    -0.0366371450     0.7076927017
    0.0234331676     0.2490774533    -0.0315635771     0.7329026934
    0.0134261586     0.2347253006    -0.0275416101     0.7527569097
    0.0058705043     0.2017348341    -0.0247237447     0.7663004844
    0.0012709523     0.1450929438    -0.0230990371     0.7736222062
   -0.0001219468     0.0599251117    -0.0221702120     0.7760271314
    0.0000000000     0.0000000000    -0.0221702120     0.7760271314
    0.0000000000     0.0000000000    -0.0028189046     0.2808593749
    0.0015984978    -0.0464546554    -0.0028189046     0.2808593749
    0.0093027517    -0.1217966555    -0.0005682116     0.2801221323
    0.0223184905    -0.1799049083    -0.0008124607     0.2813698943
    0.0361595604    -0.2206751149    -0.0025463347     0.2862476809
    0.0492129086    -0.2450139956    -0.0060181891     0.2953724340
    0.0603701193    -0.2547374497    -0.0110460848     0.3085292997
    0.0692090223    -0.2522273299    -0.0172946564     0.3249174543
    0.0757441359    -0.2400234499    -0.0243307162     0.3434158294
    0.0802317834    -0.2205141824    -0.0316944073     0.3628374550
    0.0830229580    -0.1957594160    -0.0389542318     0.3821370660
    0.0844667533    -0.1674234228    -0.0457391217     0.4005478778
    0.0848575064    -0.1367800081    -0.0517516720     0.4176434739
    0.0844128369    -0.1047568845    -0.0567681409     0.4333376515
    0.0832707963    -0.0719969646    -0.0606309597     0.4478426973
    0.0814973604    -0.0389240800    -0.0632383459     0.4616056068
    0.0790987819    -0.0058073576    -0.0645342449     0.4752360654
    0.0760359835     0.0271776542    -0.0645006341     0.4894332463
    0.0722400727     0.0598910464    -0.0631533033     0.5049128248
    0.0676293790     0.0921727074    -0.0605415230     0.5223318953
    0.0621293252     0.1237865994    -0.0567514464     0.5422079756
    0.0556968879     0.1543618159    -0.0519125372     0.5648294334
    0.0483510372     0.1833250791    -0.0462056885     0.5901594397
    0.0402087925     0.2098175602    -0.0398709019     0.6177451287
    0.0315227768     0.2325899258    -0.0332113433     0.6466577049
    0.0227103264     0.2498773180    -0.0265891979     0.6755032300
    0.0143570789     0.2592738263    -0.0204073202     0.7025470741
    0.0071728053     0.2576519278    -0.0150694721     0.7259744160
    0.0018711846     0.2411948371    -0.0109178202     0.7442609419
   -0.0010329813     0.2056047611    -0.0081438506     0.7565707558
   -0.0015015246     0.1464460762    -0.0067069180     0.7630712380
   -0.0005679936     0.0597133226    -0.0065178236     0.7650873912
    0.0000000000     0.0000000000    -0.0065178236     0.7650873912
    0.0000000000     0.0000000000     0.0112635939     0.2678023818
    0.0014643159    -0.0512108942     0.0112635939     0.2678023818
    0.0079816414    -0.1317532887     0.0130357683     0.2679664468
    0.0183619079    -0.1918508780     0.0124615834     0.2708411264
    0.0286414976    -0.2323502197     0.0103670568     0.2779249325
    0.0375241120    -0.2550830332     0.0065615062     0.2896910098
    0.0442800756    -0.2626138586     0.0012542131     0.3057565950
    0.0488029444    -0.2578463544    -0.0051933162     0.3251290288
    0.0513369847    -0.2436231203    -0.0123341765     0.3464951300
    0.0522791825    -0.2224618934    -0.0197078300     0.3685049001
    0.0520459766    -0.1964353933    -0.0268918573     0.3899989056
    0.0509973999    -0.1671550034    -0.0335295978     0.4101497221
    0.0494048499    -0.1358133056    -0.0393393968     0.4285162905
    0.0474461965    -0.1032520221    -0.0441118146     0.4450303594
    0.0452154080    -0.0700360954    -0.0477006052     0.4599410489
    0.0427383659    -0.0365252355    -0.0500118177     0.4737400901
    0.0399904322    -0.0029404016    -0.0509939487     0.4870822642
    0.0369140245     0.0305744034    -0.0506309300     0.5007074446
    0.0334360666     0.0638934837    -0.0489388928     0.5153645848
    0.0294861082     0.0968519145    -0.0459670269     0.5317345566
    0.0250163925     0.1291866455    -0.0418023288     0.5503479602
    0.0200251908     0.1604730433    -0.0365774872     0.5714961268
    0.0145839571     0.1900527851    -0.0304804748     0.5951391567
    0.0088667018     0.2169489604    -0.0237634971     0.6208244735
    0.0031759034     0.2397673189    -0.0167477123     0.6476418432
   -0.0020466685     0.2565919924    -0.0098186098     0.6742511454
   -0.0062425884     0.2649016795    -0.0034056056     0.6990180137
   -0.0088148177     0.2615548481     0.0020613438     0.7202701128
   -0.0092852682     0.2429073170     0.0062183037     0.7366434423
   -0.0075438227     0.2051064059     0.0088503264     0.7474426662
   -0.0040301919     0.1444852518     0.0100396986     0.7529240837
   -0.0009477020     0.0580640863     0.0095111659     0.7544418262
    0.0000000000     0.0000000000     0.0095111659     0.7544418262
    0.0000000000     0.0000000000     0.0261340641     0.2562805423
    0.0012477188    -0.0551654169     0.0261340641     0.2562805423
    0.0062121494    -0.1394748670     0.0273253682     0.2572018812
    0.0133891792    -0.2004154181     0.0264294311     0.2614936201
    0.0195838181    -0.2398867221     0.0240285957     0.2705602587
    0.0239004247    -0.2606655420     0.0199893599     0.2847569999
    0.0260253670    -0.2660139271     0.0145327640     0.3035405916
    0.0261589587    -0.2592668779     0.0080298699     0.3257279968
    0.0247425156    -0.2434713706     0.0009259535     0.3498187060
    0.0222735148    -0.2211888598    -0.0063294384     0.3743105377
    0.0191965229    -0.1944412793    -0.0133300669     0.3979440980
    0.0158530813    -0.1647465853    -0.0197365708     0.4198439988
    0.0124714888    -0.1331952004    -0.0252827699     0.4395614980
    0.0091783058    -0.1005364491    -0.0297713055     0.4570454519
    0.0060188880    -0.0672605807    -0.0330641762     0.4725731140
    0.0029797523    -0.0336723865    -0.0350721606     0.4866655933
    0.0000097346     0.0000427188    -0.0357457464     0.5000023993
   -0.0029606117     0.0337577312    -0.0350691443     0.5133403784
   -0.0060007166     0.0673455947    -0.0330582092     0.5274362820
   -0.0091616932     0.1006207375    -0.0297625230     0.5429693267
   -0.0124569355     0.1332781038    -0.0252713825     0.5604601059
   -0.0158409570     0.1648270736    -0.0197228707     0.5801851079
   -0.0191870246     0.1945178561    -0.0133144300     0.6020921608
   -0.0222666351     0.2212595033    -0.0063123166     0.6257312613
   -0.0247380364     0.2435335583     0.0009440566     0.6502256305
   -0.0261564851     0.2593177679     0.0080484444     0.6743145437
   -0.0260244079     0.2660507804     0.0145513608     0.6964948037
   -0.0239004996     0.2606864381     0.0200076671     0.7152654465
   -0.0195845389     0.2398915204     0.0240465000     0.7294436885
   -0.0133902530     0.2004067658     0.0264470197     0.7384872522
   -0.0062131808     0.1394589505     0.0273428995     0.7427530484
   -0.0012482928     0.0551526316     0.0261515575     0.7436489179
    0.0000000000     0.0000000000     0.0261515575     0.7436489179
    0.0000000000     0.0000000000     0.0417542890     0.2455026613
    0.0009470394    -0.0580759918     0.0417542890     0.2455026613
    0.0040288750    -0.1445007793     0.0422826481     0.2470444268
    0.0075419305    -0.2051150117     0.0410930514     0.2525505415
    0.0092829942    -0.2429027031     0.0384604674     0.2633719634
    0.0088124036    -0.2615344674     0.0343028359     0.2797631239
    0.0062405462    -0.2648658355     0.0288353340     0.3010275041
    0.0020457051    -0.2565427007     0.0224221113     0.3258007256
   -0.0031750429    -0.2397072860     0.0154932659     0.3524108907
   -0.0088633959    -0.2168808791     0.0084782723     0.3792247002
   -0.0145778121    -0.1899789616     0.0017626114     0.4049034327
   -0.0200160768    -0.1603952685    -0.0043326112     0.4285382938
   -0.0250044263    -0.1291062082    -0.0095552655     0.4496779868
   -0.0294716085    -0.0967696797    -0.0137174607     0.4682836341
   -0.0334195020    -0.0638099913    -0.0166865881     0.4846473136
   -0.0368959647    -0.0304899719    -0.0183757257     0.4993001189
   -0.0399715066     0.0030255730    -0.0187357530     0.5129231952
   -0.0427192280     0.0366109653    -0.0177506058     0.5262655733
   -0.0451967038     0.0701221167    -0.0154364204     0.5400670157
   -0.0474285324     0.1033378756    -0.0118447732     0.5549819954
   -0.0493887597     0.1358982304    -0.0070696950     0.5715017152
   -0.0509833101     0.1672378303    -0.0012575173     0.5898745241
   -0.0520341745     0.1965144551     0.0053822345     0.6100311520
   -0.0522697930     0.2225349829     0.0125678305     0.6315293099
   -0.0513299672     0.2436875441     0.0199425643     0.6535402343
   -0.0487981161     0.2578991493     0.0270840203     0.6749032143
   -0.0442771591     0.2626522377     0.0335317327     0.6942672524
   -0.0375227850     0.2551050915     0.0388389379     0.7103186461
   -0.0286414111     0.2323558391     0.0426443152     0.7220648176
   -0.0183626478     0.1918426505     0.0447387489     0.7291237450
   -0.0079825867     0.1317372210     0.0453130295     0.7319701290
   -0.0014648307     0.0511973465     0.0435408985     0.7321060652
    0.0000000000     0.0000000000     0.0435408985     0.7321060652
    0.0000000000     0.0000000000     0.0579866459     0.2348673271
    0.0005672093    -0.0597241077     0.0579866459     0.2348673271
    0.0014996631    -0.1464606963     0.0577971716     0.2369070643
    0.0010296466    -0.2056125368     0.0563598353     0.2434319201
   -0.0018759549    -0.2411895168     0.0535850467     0.2557638001
   -0.0071787184    -0.2576312560     0.0494324311     0.2740680557
   -0.0143633882    -0.2592384054     0.0440937261     0.2975074410
   -0.0227160133    -0.2498293108     0.0379113322     0.3245571972
   -0.0315267942    -0.2325319905     0.0312891635     0.3534029734
   -0.0402102740    -0.2097521891     0.0246301397     0.3823112874
   -0.0483494147    -0.1832543029     0.0182964409     0.4098896724
   -0.0556919180    -0.1542871448     0.0125911827     0.4352108090
   -0.0621210545    -0.1237090795     0.0077542934     0.4578231090
   -0.0676180828    -0.0920930162     0.0039665846     0.4776907398
   -0.0722261909    -0.0598095914     0.0013574394     0.4951027817
   -0.0760200645    -0.0270946691     0.0000129346     0.5105772150
   -0.0790814390     0.0058917191    -0.0000177321     0.5247713832
   -0.0814792369     0.0390096487     0.0012811572     0.5384010213
   -0.0832525359     0.0720834550     0.0038915059     0.5521651792
   -0.0843950575     0.1048437890     0.0077571788     0.5666732246
   -0.0848407733     0.1368664865     0.0127763063     0.5823716209
   -0.0844515529     0.1675081972     0.0187912280     0.5994718895
   -0.0830096746     0.1958406872     0.0255781132     0.6178868293
   -0.0802206824     0.2205896004     0.0328394850     0.6371888316
   -0.0757353583     0.2400901851     0.0402042403     0.6566098186
   -0.0692025903     0.2522823067     0.0472409037     0.6751032798
   -0.0603659447     0.2547777955     0.0534897119     0.6914812253
   -0.0492107879     0.2450377246     0.0585176338     0.7046219558
   -0.0361591368     0.2206819923     0.0619894833     0.7137245245
   -0.0223191954     0.1798973464     0.0637234516     0.7185745741
   -0.0093037355     0.1217804751     0.0639679334     0.7197904560
   -0.0015989773     0.0464403711     0.0617173332     0.7190210463
    0.0000000000     0.0000000000     0.0617173332     0.7190210463
    0.0000000000     0.0000000000     0.0745962393     0.2239341475
    0.0001210055    -0.0599343880     0.0745962393     0.2239341475
   -0.0012736657    -0.1451057960     0.0736667457     0.2263630101
   -0.0058760108    -0.2017406304     0.0720414461     0.2337094913
   -0.0134345054    -0.2347181011     0.0692224984     0.2472755401
   -0.0234438826    -0.2490555218     0.0651992638     0.2671477695
   -0.0350251537    -0.2493197962     0.0601245094     0.2923698523
   -0.0472775577    -0.2393585005     0.0543067051     0.3212911020
   -0.0594175856    -0.2221848907     0.0481152904     0.3519959861
   -0.0708566358    -0.2000270230     0.0419223036     0.3826898100
   -0.0812122845    -0.1744657589     0.0360653755     0.4119551251
   -0.0902822256    -0.1465932632     0.0308303375     0.4388604161
   -0.0980009360    -0.1171514290     0.0264465197     0.4629534330
   -0.1043936851    -0.0866375785     0.0230893301     0.4841888654
   -0.1095358701    -0.0553821695     0.0208861056     0.5028319232
   -0.1135204466    -0.0236092408     0.0199224146     0.5193620798
   -0.1164329974     0.0085107382     0.0202468627     0.5343861784
   -0.1183326022     0.0408094049     0.0218731299     0.5485611276
   -0.1192365993     0.0730673133     0.0247785709     0.5625227928
   -0.1191080439     0.1049578958     0.0288992925     0.5768175612
   -0.1178458576     0.1359887856     0.0341222563     0.5918351604
   -0.1152792368     0.1654422004     0.0402757334     0.6077450395
   -0.1111698759     0.1923186116     0.0471204019     0.6244435908
   -0.1052279415     0.2152922533     0.0543445394     0.6415247653
   -0.0971501017     0.2326935672     0.0615679141     0.6582903080
   -0.0866891966     0.2425417827     0.0683596423     0.6738151912
   -0.0737636963     0.2426573789     0.0742743281     0.6870767264
   -0.0586063062     0.2308818053     0.0789085406     0.6971432048
   -0.0419398439     0.2054084987     0.0819682047     0.7034054211
   -0.0251863700     0.1651693271     0.0833106563     0.7058296027
   -0.0101716350     0.1101059232     0.0832368505     0.7052121133
   -0.0016572562     0.0411300291     0.0806227417     0.7034030608
    0.0000000000     0.0000000000     0.0806227417     0.7034030608
    0.0000000000     0.0000000000     0.0912599889     0.2123883859
   -0.0003704457    -0.0585941599     0.0912599889     0.2123883859
   -0.0041575737    -0.1403353693     0.0896047119     0.2151064371
   -0.0128510296    -0.1935170351     0.0878598692     0.2230658613
   -0.0248777432    -0.2236381595     0.0850963963     0.2375453516
   -0.0393065545    -0.2360518094     0.0813212263     0.2585650064
   -0.0549513729    -0.2353985058     0.0766362664     0.2850813772
   -0.0707739485    -0.2254195122     0.0713070155     0.3153646194
   -0.0859483179    -0.2089287311     0.0656626256     0.3474490012
   -0.0998956361    -0.1879302369     0.0600414329     0.3795229314
   -0.1122669379    -0.1638007564     0.0547558033     0.4101743072
   -0.1229003264    -0.1374710980     0.0500747440     0.4384811595
   -0.1317684000    -0.1095712432     0.0462178303     0.4639889945
   -0.1389272934    -0.0805326297     0.0433557092     0.4866295493
   -0.1444733537    -0.0506578515     0.0416137208     0.5066228802
   -0.1485092952    -0.0201723856     0.0410761578     0.5243846578
   -0.1511190952     0.0107299260     0.0417893645     0.5404450583
   -0.1523498156     0.0418408489     0.0437624711     0.5553776014
   -0.1521986027     0.0728884891     0.0469651392     0.5697339410
   -0.1506039106     0.1034847152     0.0513223320     0.5839814760
   -0.1474412729     0.1330709496     0.0567068228     0.5984431889
   -0.1425255605     0.1608658563     0.0629309898     0.6132426862
   -0.1356235125     0.1858212410     0.0697404011     0.6282615608
   -0.1264821814     0.2065967535     0.0768127068     0.6431201052
   -0.1148802035     0.2215696410     0.0837661507     0.6571945849
   -0.1007083611     0.2289015101     0.0901820517     0.6696829834
   -0.0840823995     0.2266861839     0.0956438432     0.6797254957
   -0.0654806138     0.2131943912     0.0997924782     0.6865776346
   -0.0458878150     0.1872025130     0.1023868083     0.6898267907
   -0.0269538587     0.1483347293     0.1033304779     0.6896404960
   -0.0106052691     0.0972544817     0.1029671900     0.6870303244
   -0.0016491632     0.0355064518     0.1001095516     0.6840883296
    0.0000000000     0.0000000000     0.1001095516     0.6840883296
    0.0000000000     0.0000000000     0.1075839438     0.2000074853
   -0.0008780746    -0.0556713888     0.1075839438     0.2000074853
   -0.0069919443    -0.1322172821     0.1052553007     0.2029185443
   -0.0195320009    -0.1811529855     0.1034622409     0.2112639330
   -0.0356520974    -0.2082737999     0.1008486896     0.2262870280
   -0.0540597918    -0.2189981603     0.0974285344     0.2479569682
   -0.0733276576    -0.2178509893     0.0932456387     0.2751840859
   -0.0923255071    -0.2083496417     0.0885167147     0.3062150764
   -0.1102071205    -0.1930445921     0.0835268866     0.3390907602
   -0.1264059822    -0.1736863473     0.0785788623     0.3720292182
   -0.1405958870    -0.1514375958     0.0739589568     0.4036542068
   -0.1526378717    -0.1270680165     0.0699190832     0.4330669978
   -0.1625236499    -0.1011008142     0.0666688243     0.4598101809
   -0.1703232402    -0.0739091110     0.0643735205     0.4837812038
   -0.1761409556    -0.0457764849     0.0631554388     0.5051366688
   -0.1800810989    -0.0169391762     0.0630958620     0.5242063859
   -0.1822228552     0.0123767313     0.0642364645     0.5414207108
   -0.1826030531     0.0419159464     0.0665788563     0.5572477508
   -0.1812055116     0.0713501706     0.0700817543     0.5721359096
   -0.1779563743     0.1002308193     0.0746559185     0.5864589698
   -0.1727259753     0.1279413706     0.0801577478     0.6004637658
   -0.1653391966     0.1536545257     0.0863832733     0.6142238097
   -0.1555977600     0.1763021404     0.0930651582     0.6276056149
   -0.1433190472     0.1945696522     0.0998760646     0.6402573055
   -0.1283961939     0.2069309834     0.1064420611     0.6516303994
   -0.1108823093     0.2117429006     0.1123691036     0.6610444333
   -0.0910968633     0.2074158928     0.1172831860     0.6678002180
   -0.0697415829     0.1926659382     0.1208818309     0.6713423505
   -0.0480043614     0.1668212412     0.1229845271     0.6714672661
   -0.0276647521     0.1301068917     0.1235437753     0.6685690243
   -0.0106408431     0.0837610219     0.1229330420     0.6639030122
   -0.0015854755     0.0297911435     0.1199500912     0.6598123701
    0.0000000000     0.0000000000     0.1199500912     0.6598123701
    0.0000000000     0.0000000000     0.1231292721     0.1866336276
   -0.0013662803    -0.0512291887     0.1231292721     0.1866336276
   -0.0095979342    -0.1210012823     0.1202176816     0.1896418719
   -0.0255317464    -0.1650559585     0.1184450306     0.1981272186
   -0.0451838432    -0.1891185193     0.1160643394     0.2132801536
   -0.0669817487    -0.1983995471     0.1130886874     0.2350373030
   -0.0893263475    -0.1971381442     0.1095019834     0.2623091814
   -0.1110352743    -0.1885353426     0.1054694643     0.2933787875
   -0.1312562258    -0.1748366945     0.1012302256     0.3263513934
   -0.1494300120    -0.1575258464     0.0970499244     0.3595203657
   -0.1652361135    -0.1375509253     0.0931876355     0.3915747278
   -0.1785357705    -0.1155240862     0.0898769455     0.4216532123
   -0.1893165413    -0.0918658174     0.0873160047     0.4492977876
   -0.1976421481    -0.0668945994     0.0856631113     0.4743654443
   -0.2036100069    -0.0408784943     0.0850353700     0.4969375040
   -0.2073175557    -0.0140679679     0.0855085820     0.5172425687
   -0.2088374688     0.0132756804     0.0871169354     0.5355940858
   -0.2082012742     0.0408487288     0.0898515127     0.5523375801
   -0.2053908211     0.0682683311     0.0936572036     0.5678025228
   -0.2003374611     0.0950324554     0.0984283104     0.5822562089
   -0.1929296014     0.1204807159     0.1040039048     0.5958600672
   -0.1830302923     0.1437625372     0.1101647922     0.6086318871
   -0.1705074247     0.1638216291     0.1166346367     0.6204202409
   -0.1552794921     0.1794086896     0.1230881966     0.6308995446
   -0.1373790377     0.1891368697     0.1291693850     0.6395951332
   -0.1170330497     0.1915949301     0.1345205956     0.6459469504
   -0.0947543542     0.1855279208     0.1388218718     0.6494179984
   -0.0714284631     0.1700802162     0.1418358382     0.6496502126
   -0.0483746985     0.1450667825     0.1434460914     0.6466660577
   -0.0274026615     0.1111971101     0.1436528530     0.6411062491
   -0.0103251188     0.0701302099     0.1428451882     0.6344754910
   -0.0014770040     0.0241804960     0.1398481237     0.6293315774
    0.0000000000     0.0000000000     0.1398481237     0.6293315774
    0.0000000000     0.0000000000     0.1374461987     0.1721533700
   -0.0017953529    -0.0454351450     0.1374461987     0.1721533700
   -0.0117883904    -0.1071242651     0.1340780827     0.1751626290
   -0.0304578242    -0.1458275431     0.1323868581     0.1835288585
   -0.0528999505    -0.1668309324     0.1303047962     0.1983690999
   -0.0773532327    -0.1748872249     0.1278400191     0.2196068880
   -0.1021165831    -0.1738110191     0.1249200358     0.2462000825
   -0.1259893690    -0.1664236671     0.1216589698     0.2765262975
   -0.1481221968    -0.1546466781     0.1182495170     0.3088096156
   -0.1679549100    -0.1396985574     0.1149192879     0.3414602681
   -0.1851536526    -0.1223206995     0.1118985077     0.3732594637
   -0.1995555102    -0.1029741509     0.1094002770     0.4033981930
   -0.2111186621    -0.0819792611     0.1076087533     0.4314242507
   -0.2198780222    -0.0595990308     0.1066723986     0.4571552440
   -0.2259069439    -0.0360831320     0.1067002498     0.4805945969
   -0.2292858665    -0.0116924388     0.1077596911     0.5018642197
   -0.2300786791     0.0132810539     0.1098745501     0.5211528943
   -0.2283173194     0.0384910979     0.1130227413     0.5386742968
   -0.2239949531     0.0635089492     0.1171332282     0.5546291998
   -0.2170681447     0.0877921874     0.1220827522     0.5691692169
   -0.2074687488     0.1106555094     0.1276935170     0.5823625985
   -0.1951266760     0.1312506146     0.1337336893     0.5941654416
   -0.1800049266     0.1485644467     0.1399230332     0.6044040965
   -0.1621478992     0.1614470636     0.1459459780     0.6127763579
   -0.1417424122     0.1686814225     0.1514736460     0.6188799040
   -0.1191876075     0.1691056422     0.1561945886     0.6222760795
   -0.0951651215     0.1617912105     0.1598509893     0.6225953636
   -0.0706934135     0.1462652920     0.1622750445     0.6196874772
   -0.0471480842     0.1227399959     0.1634142816     0.6138128968
   -0.0262771772     0.0922806541     0.1633132680     0.6058605496
   -0.0097093330     0.0568192632     0.1623632172     0.5975546038
   -0.0013337640     0.0188427449     0.1594529386     0.5915817095
    0.0000000000     0.0000000000     0.1594529386     0.5915817095
    0.0000000000     0.0000000000     0.1501137513     0.1564838107
   -0.0021247525    -0.0385637826     0.1501137513     0.1564838107
   -0.0133805527    -0.0912063703     0.1464478375     0.1593994368
   -0.0339344378    -0.1242560283     0.1448876981     0.1673862131
   -0.0582536049    -0.1422307059     0.1431481222     0.1814661703
   -0.0844818499    -0.1492229436     0.1412319670     0.2015674250
   -0.1108832504    -0.1485244380     0.1390192891     0.2267379652
   -0.1362681709    -0.1425431103     0.1365765507     0.2555015416
   -0.1597977727    -0.1328774145     0.1340514485     0.2862477184
   -0.1809045223    -0.1204954503     0.1316332043     0.3175385073
   -0.1992256490    -0.1059474110     0.1295214473     0.3482702672
   -0.2145528261    -0.0895530215     0.1279060038     0.3777008787
   -0.2267911091    -0.0715346975     0.1269536476     0.4053943364
   -0.2359235401    -0.0520955811     0.1267994245     0.4311375331
   -0.2419799872    -0.0314580887     0.1275408504     0.4548636916
   -0.2450105353    -0.0098820848     0.1292337748     0.4765943570
   -0.2450646280     0.0123226087     0.1318890372     0.4963979457
   -0.2421773520     0.0347814149     0.1354694200     0.5143582135
   -0.2363640921     0.0570358654     0.1398869063     0.5305469466
   -0.2276245494     0.0785222748     0.1450008641     0.5449981245
   -0.2159569404     0.0985532238     0.1506184144     0.5576839181
   -0.2013829954     0.1163089672     0.1564987346     0.5684955561
   -0.1839839271     0.1308475935     0.1623632071     0.5772342735
   -0.1639464889     0.1411438851     0.1679128900     0.5836191783
   -0.1416162163     0.1461665473     0.1728535485     0.5873197363
   -0.1175517439     0.1450003360     0.1769263882     0.5880203388
   -0.0925702947     0.1370117797     0.1799397887     0.5855226001
   -0.0677695001     0.1220432128     0.1817960891     0.5798867449
   -0.0445118993     0.1005995389     0.1825039104     0.5716050212
   -0.0244077705     0.0739713942     0.1821480595     0.5617853736
   -0.0088430933     0.0442283472     0.1811106633     0.5523019004
   -0.0011641768     0.0139179703     0.1783765996     0.5458448652
    0.0000000000     0.0000000000     0.1783765996     0.5458448652
    0.0000000000     0.0000000000     0.1607817516     0.1395644030
   -0.0023168067    -0.0309908600     0.1607817516     0.1395644030
   -0.0142102925    -0.0740364149     0.1570036365     0.1422968223
   -0.0356279699    -0.1013018365     0.1556105357     0.1496581313
   -0.0607565150    -0.1162920711     0.1542319142     0.1625545108
   -0.0877369811    -0.1223048557     0.1528687056     0.1809318307
   -0.1148609987    -0.1220555622     0.1513675407     0.2039619499
   -0.1409761127    -0.1175319864     0.1497538692     0.2303550906
   -0.1652641606    -0.1100264527     0.1481338251     0.2587022295
   -0.1871508579    -0.1002815680     0.1466589559     0.2877436188
   -0.2062381242    -0.0886789775     0.1454969065     0.3165085447
   -0.2222597018    -0.0754116327     0.1448113490     0.3443349160
   -0.2350501115    -0.0606083812     0.1447479619     0.3708156150
   -0.2445203562    -0.0444073501     0.1454244494     0.3957214591
   -0.2506367258    -0.0269911352     0.1469231619     0.4189323423
   -0.2534018951    -0.0086010316     0.1492853964     0.4403874102
   -0.2528393487     0.0104559174     0.1525068413     0.4600521409
   -0.2489829478     0.0297992761     0.1565340079     0.4778958403
   -0.2418734873     0.0489647031     0.1612619411     0.4938739360
   -0.2315637297     0.0673923424     0.1665340054     0.5079122520
   -0.2181328457     0.0844186641     0.1721450220     0.5198933526
   -0.2017104733     0.0992782283     0.1778492946     0.5296474980
   -0.1825095710     0.1111231225     0.1833749086     0.5369527040
   -0.1608656992     0.1190682386     0.1884448778     0.5415498338
   -0.1372781283     0.1222694012     0.1928041345     0.5431793821
   -0.1124453394     0.1200375935     0.1962491251     0.5416461896
   -0.0872848871     0.1119850523     0.1986542842     0.5369160378
   -0.0629251044     0.0981874974     0.1999892282     0.5292427461
   -0.0406597573     0.0793319683     0.2003191627     0.5193145491
   -0.0219053950     0.0568077127     0.1997655402     0.5083932179
   -0.0077670181     0.0326994096     0.1986934959     0.4984001020
   -0.0009737008     0.0095215773     0.1962141608     0.4918862528
    0.0000000000     0.0000000000     0.1962141608     0.4918862528
    0.0000000000     0.0000000000     0.1692104383     0.1213540950
   -0.0023399606    -0.0231791085     0.1692104383     0.1213540950
   -0.0141463696    -0.0565450426     0.1655248147     0.1238226084
   -0.0352755387    -0.0780726698     0.1643197439     0.1303430266
   -0.0600189362    -0.0901305548     0.1632931679     0.1416874103
   -0.0865980873    -0.0951702318     0.1624506828     0.1578259874
   -0.1133874337    -0.0953228242     0.1616239532     0.1780758119
   -0.1392960539    -0.0921710587     0.1608071891     0.2013598606
   -0.1635419764    -0.0867281144     0.1600705447     0.2264941093
   -0.1855558648    -0.0795422994     0.1595300023     0.2524144140
   -0.2049120943    -0.0708553570     0.1593207445     0.2782950261
   -0.2212884205    -0.0607542244     0.1595780143     0.3035642594
   -0.2344437336    -0.0492840063     0.1604230932     0.3278565735
   -0.2442052142    -0.0365161105     0.1619527222     0.3509441987
   -0.2504589813    -0.0225813476     0.1642307432     0.3726764337
   -0.2531417173    -0.0076824668     0.1672812924     0.3929368304
   -0.2522333764     0.0079017971     0.1710833408     0.4116168067
   -0.2477525226     0.0238140438     0.1755667852     0.4286000268
   -0.2397562587     0.0396145370     0.1806106818     0.4437524420
   -0.2283464349     0.0547777907     0.1860445930     0.4569152743
   -0.2136831228     0.0686931458     0.1916542982     0.4679007626
   -0.1960053099     0.0806746944     0.1971931326     0.4764926228
   -0.1756573739     0.0899867798     0.2023997649     0.4824548105
   -0.1531180838     0.0958912008     0.2070221153     0.4855533209
   -0.1290266484     0.0977206679     0.2108453280     0.4855961911
   -0.1041979864     0.0949793276     0.2137195215     0.4824961239
   -0.0796178766     0.0874648692     0.2155809911     0.4763574245
   -0.0564080934     0.0753983107     0.2164608189     0.4675831822
   -0.0357566137     0.0595382399     0.2164753422     0.4569887323
   -0.0188533928     0.0412516483     0.2157804449     0.4458932870
   -0.0065042031     0.0225242695     0.2147207167     0.4361452716
   -0.0007625904     0.0057525783     0.2125646391     0.4300230036
    0.0000000000     0.0000000000     0.2125646391     0.4300230036
    0.0000000000     0.0000000000     0.1753035267     0.1018345830
   -0.0021704396    -0.0156562691     0.1753035267     0.1018345830
   -0.0131029507    -0.0397633333     0.1719222628     0.1039697775
   -0.0327156397    -0.0557833189     0.1709098355     0.1094776568
   -0.0557968136    -0.0649763210     0.1701983361     0.1189825404
   -0.0807155772    -0.0689876911     0.1698075160     0.1324782785
   -0.1059748420    -0.0693977947     0.1695756724     0.1494345631
   -0.1305688749    -0.0674134711     0.1694779847     0.1689983580
   -0.1537744425    -0.0637987710     0.1695559188     0.1902217497
   -0.1750517497    -0.0589402963     0.1698933836     0.2122449491
   -0.1939721737    -0.0529722740     0.1705939431     0.2343938742
   -0.2101780103    -0.0459029981     0.1717634850     0.2561943602
   -0.2233655147    -0.0377118843     0.1734969033     0.2773331994
   -0.2332815810    -0.0284099306     0.1758675274     0.2976009346
   -0.2397261838    -0.0180703843     0.1789183326     0.3168403063
   -0.2425560660    -0.0068408725     0.1826545014     0.3349099001
   -0.2416882343     0.0050532808     0.1870374234     0.3516626316
   -0.2371038299     0.0173086363     0.1919806578     0.3669347608
   -0.2288537996     0.0295440053     0.1973487211     0.3805412354
   -0.2170677877     0.0413024169     0.2029598202     0.3922749777
   -0.2019670446     0.0520575072     0.2085937269     0.4019097667
   -0.1838810751     0.0612283723     0.2140057723     0.4092080631
   -0.1632662748     0.0682074026     0.2189472261     0.4139363652
   -0.1407229933     0.0724051732     0.2231910157     0.4158914351
   -0.1170054481     0.0733147802     0.2265598755     0.4149408069
   -0.0930170863     0.0705947716     0.2289519899     0.4110799656
   -0.0697832804     0.0641651117     0.2303576290     0.4045058075
   -0.0483939256     0.0543054513     0.2308610507     0.3957006339
   -0.0299136589     0.0417407628     0.2306238250     0.3855122302
   -0.0152973280     0.0277011577     0.2298359955     0.3752035745
   -0.0050552960     0.0139607134     0.2288236795     0.3664316956
   -0.0005237697     0.0027073332     0.2270475861     0.3611006991
    0.0000000000     0.0000000000     0.2270475861     0.3611006991
    0.0000000000     0.0000000000     0.1791320146     0.0810217823
   -0.0017917437    -0.0089881798     0.1791320146     0.0810217823
   -0.0110507344    -0.0247648384     0.1762526670     0.0827652062
   -0.0279220927    -0.0356961098     0.1754158868     0.0871389548
   -0.0480447168    -0.0421302100     0.1749533279     0.0946128139
   -0.0699787684    -0.0450349209     0.1749113674     0.1051971310
   -0.0923914676    -0.0455048255     0.1751570223     0.1185086843
   -0.1143880425    -0.0444051754     0.1756590317     0.1339155505
   -0.1353344661    -0.0422773396     0.1764377158     0.1507055887
   -0.1547568003    -0.0393753760     0.1775491552     0.1682246630
   -0.1722632172    -0.0357587220     0.1790675802     0.1859528232
   -0.1874997695    -0.0313893302     0.1810706083     0.2035178119
   -0.2001342371    -0.0262077121     0.1836270215     0.2206668769
   -0.2098584224    -0.0201816748     0.1867864640     0.2372227874
   -0.2163997604    -0.0133323781     0.1905705075     0.2530428578
   -0.2195360289    -0.0057457672     0.1949649265     0.2679893905
   -0.2191100934     0.0024236082     0.1999135040     0.2819122325
   -0.2150438983     0.0109521242     0.2053141122     0.2946406871
   -0.2073520898     0.0195484675     0.2110181116     0.3059817429
   -0.1961559062     0.0278575004     0.2168342642     0.3157227642
   -0.1816975424     0.0354686518     0.2225382806     0.3236382585
   -0.1643542701     0.0419316324     0.2278887067     0.3295015474
   -0.1446503045     0.0467823922     0.2326489680     0.3331029889
   -0.1232628657     0.0495815735     0.2366139685     0.3342767574
   -0.1010173085     0.0499661236     0.2396378313     0.3329379701
   -0.0788649651     0.0477121786     0.2416575835     0.3291308500
   -0.0578372383     0.0428042591     0.2427064919     0.3230862006
   -0.0389707688     0.0355035810     0.2429118151     0.3152821611
   -0.0232027003     0.0264084700     0.2424744890     0.3064954285
   -0.0112673874     0.0165070091     0.2416207883     0.2978206212
   -0.0034109845     0.0072461929     0.2406678662     0.2906232811
   -0.0002447422     0.0004934842     0.2393069577     0.2863753484
    0.0000000000     0.0000000000     0.2393069577     0.2863753484
    0.0000000000     0.0000000000     0.1809468362     0.0589885072
   -0.0011969658    -0.0037580954     0.1809468362     0.0589885072
   -0.0080405770    -0.0126061117     0.1787038189     0.0602893437
   -0.0210555218    -0.0190662277     0.1779857131     0.0634540132
   -0.0369783484    -0.0229361303     0.1776699681     0.0687997077
   -0.0545812902    -0.0247002618     0.1778446651     0.0763426557
   -0.0727314055    -0.0250463467     0.1784229660     0.0858315487
   -0.0906810165    -0.0245295718     0.1793759622     0.0968413551
   -0.1079248584    -0.0234888201     0.1807078708     0.1088857018
   -0.1240981458    -0.0220692198     0.1824506776     0.1215111442
   -0.1388935929    -0.0202851119     0.1846528487     0.1343511975
   -0.1520125698    -0.0180851629     0.1873673579     0.1471382461
   -0.1631469975    -0.0154029944     0.1906402959     0.1596860834
   -0.1719828745    -0.0121899804     0.1945004889     0.1718600446
   -0.1782161116    -0.0084335505     0.1989502328     0.1835478640
   -0.1815738152    -0.0041661837     0.2039573193     0.1946378338
   -0.1818370558     0.0005305909     0.2094488415     0.2050055476
   -0.1788633088     0.0055247088     0.2153076038     0.2145078619
   -0.1726079103     0.0106339010     0.2213722189     0.2229822152
   -0.1631441544     0.0156284783     0.2274420642     0.2302500804
   -0.1506813165     0.0202380332     0.2332880975     0.2361242393
   -0.1355791334     0.0241638693     0.2386700072     0.2404203326
   -0.1183562598     0.0270988137     0.2433591903     0.2429735895
   -0.0996891428     0.0287553290     0.2471656290     0.2436617284
   -0.0803968294     0.0289014791     0.2499650575     0.2424346634
   -0.0614067746     0.0274024611     0.2517213192     0.2393506931
   -0.0436972596     0.0242637040     0.2524981283     0.2346170520
   -0.0282135892     0.0196713967     0.2524556096     0.2286297157
   -0.0157576713     0.0140294733     0.2518301097     0.2220027023
   -0.0068735545     0.0080025154     0.2508898914     0.2155702890
   -0.0016081469     0.0026024848     0.2499625389     0.2103357257
    0.0000778476    -0.0007642920     0.2490010210     0.2073229440
    0.0000000000     0.0000000000     0.2490010210     0.2073229440
    0.0000000000     0.0000000000     0.1812583226     0.0359003835
   -0.0004298295    -0.0004372423     0.1812583226     0.0359003835
   -0.0043116655    -0.0040431025     0.1796813468     0.0367109401
   -0.0125902547    -0.0067930461     0.1790004665     0.0386251328
   -0.0231717750    -0.0084084863     0.1787229079     0.0418191806
   -0.0350763107    -0.0090999602     0.1789865117     0.0463055759
   -0.0474401691    -0.0092167527     0.1797542856     0.0519455547
   -0.0597266061    -0.0090273483     0.1810009906     0.0584997622
   -0.0716082909    -0.0086837972     0.1827169256     0.0656904748
   -0.0828698205    -0.0082413131     0.1849140266     0.0732548587
   -0.0933297482    -0.0076931538     0.1876206838     0.0809767127
   -0.1027945597    -0.0070026076     0.1908718484     0.0886949217
   -0.1110409174    -0.0061262627     0.1946976545     0.0962949135
   -0.1178178766    -0.0050285505     0.1991122872     0.1036921796
   -0.1228610413    -0.0036898921     0.2041039620     0.1108153315
   -0.1259128613    -0.0021110854     0.2096265358     0.1175928223
   -0.1267456632    -0.0003158653     0.2155933250     0.1239445304
   -0.1251856671     0.0016474126     0.2218739174     0.1297777634
   -0.1211369977     0.0037048945     0.2282949761     0.1349868076
   -0.1146047311     0.0057577106     0.2346460920     0.1394553906
   -0.1057155417     0.0076847304     0.2406915422     0.1430618888
   -0.0947337825     0.0093485937     0.2461882454     0.1456875022
   -0.0820700303     0.0106058031     0.2509092231     0.1472278157
   -0.0682784961     0.0113210974     0.2546705135     0.1476081249
   -0.0540394820     0.0113854037     0.2573579765     0.1468025794
   -0.0401235181     0.0107355632     0.2589492082     0.1448565356
   -0.0273351420     0.0093732367     0.2595253935     0.1419104077
   -0.0164361063     0.0073810612     0.2592690893     0.1382215977
   -0.0080484731     0.0049378402     0.2584469647     0.1341784871
   -0.0025508223     0.0023442123     0.2573720931     0.1302965021
    0.0001090304     0.0000995139     0.2564035134     0.1271800268
    0.0003855382    -0.0010028441     0.2557473925     0.1254208070
    0.0000000000     0.0000000000     0.2557473925     0.1254208070
    0.0000000000     0.0000000000     0.1805309175     0.0120600655
    0.0003329373     0.0003506912     0.1805309175     0.0120600655
   -0.0004617693    -0.0003605636     0.1790321022     0.0123364476
   -0.0034445247    -0.0009085564     0.1778799603     0.0129761290
   -0.0075893570    -0.0011983844     0.1772629559     0.0140336964
   -0.0123222032    -0.0012917310     0.1773654179     0.0155133967
   -0.0172136000    -0.0012855992     0.1781519298     0.0173717380
   -0.0220444104    -0.0012449218     0.1795562046     0.0195329827
   -0.0267156893    -0.0012009049     0.1815288561     0.0219084228
   -0.0311812948    -0.0011608991     0.1840548528     0.0244131378
   -0.0354014321    -0.0011188680     0.1871488203     0.0269763053
   -0.0393178307    -0.0010631049     0.1908409695     0.0295443282
   -0.0428451061    -0.0009810212     0.1951607304     0.0320785230
   -0.0458723944    -0.0008617569     0.2001214975     0.0345500737
   -0.0482707490    -0.0006975067     0.2057077967     0.0369345983
   -0.0499035578    -0.0004842784     0.2118652801     0.0392077211
   -0.0506386781    -0.0002225169     0.2184938299     0.0413421409
   -0.0503617995     0.0000822496     0.2254443095     0.0433061484
   -0.0489907662     0.0004188028     0.2325198105     0.0450633721
   -0.0464903629     0.0007698862     0.2394824038     0.0465735850
   -0.0428865492     0.0011124170     0.2460662564     0.0477945398
   -0.0382784810     0.0014185761     0.2519974256     0.0486849109
   -0.0328460624     0.0016580103     0.2570196427     0.0492084703
   -0.0268504225     0.0018011788     0.2609240233     0.0493395785
   -0.0206248666     0.0018235552     0.2635791344     0.0490699238
   -0.0145546813     0.0017100296     0.2649566685     0.0484161876
   -0.0090457309     0.0014586258     0.2651477061     0.0474279207
   -0.0044834816     0.0010830039     0.2643658295     0.0461943755
   -0.0011839810     0.0006148539     0.2629363174     0.0448482465
    0.0006585541     0.0001112981     0.2612690972     0.0435630783
    0.0010757151    -0.0003133046     0.2598450515     0.0425391303
    0.0004753991    -0.0004341453     0.2591239258     0.0419676049
    0.0000000000     0.0000000000     0.2591239258     0.0419676049
    0.0000000000     0.0000000000     0.0000000000     0.0000000000
    0.0000000000     0.0000000000     0.1805309175     0.0000000000
    0.0000000000     0.0000000000     0.1790321022     0.0000000000
    0.0000000000     0.0000000000     0.1778799603     0.0000000000
    0.0000000000     0.0000000000     0.1772629559     0.0000000000
    0.0000000000     0.0000000000     0.1773654179     0.0000000000
    0.0000000000     0.0000000000     0.1781519298     0.0000000000
    0.0000000000     0.0000000000     0.1795562046     0.0000000000
    0.0000000000     0.0000000000     0.1815288561     0.0000000000
    0.0000000000     0.0000000000     0.1840548528     0.0000000000
    0.0000000000     0.0000000000     0.1871488203     0.0000000000
    0.0000000000     0.0000000000     0.1908409695     0.0000000000
    0.0000000000     0.0000000000     0.1951607304     0.0000000000
    0.0000000000     0.0000000000     0.2001214975     0.0000000000
    0.0000000000     0.0000000000     0.2057077967     0.0000000000
    0.0000000000     0.0000000000     0.2118652801     0.0000000000
    0.0000000000     0.0000000000     0.2184938299     0.0000000000
    0.0000000000     0.0000000000     0.2254443095     0.0000000000
    0.0000000000     0.0000000000     0.2325198105     0.0000000000
    0.0000000000     0.0000000000     0.2394824038     0.0000000000
    0.0000000000     0.0000000000     0.2460662564     0.0000000000
    0.0000000000     0.0000000000     0.2519974256     0.0000000000
    0.0000000000     0.0000000000     0.2570196427     0.0000000000
    0.0000000000     0.0000000000     0.2609240233     0.0000000000
    0.0000000000     0.0000000000     0.2635791344     0.0000000000
    0.0000000000     0.0000000000     0.2649566685     0.0000000000
    0.0000000000     0.0000000000     0.2651477061     0.0000000000
    0.0000000000     0.0000000000     0.2643658295     0.0000000000
    0.0000000000     0.0000000000     0.2629363174     0.0000000000
    0.0000000000     0.0000000000     0.2612690972     0.0000000000
    0.0000000000     0.0000000000     0.2598450515     0.0000000000
    0.0000000000     0.0000000000     0.2591239258     0.0000000000
    0.0000000000     0.0000000000     0.0000000000     0.0000000000
