shear_layer 200 200 1.000e+100
residual and conservation information
n            dt               t                res              maxdiv           umom             vmom             k
1            1.00000000e-02   0.00000000e+00   1.55017145e-04   0.00000000e+00  -8.67361738e-15   1.53740715e-17   1.71319899e+01
2            1.00000000e-02   1.00000000e-02   1.55093524e-04   1.43114687e-17  -2.47002939e-15   1.15140365e-17   1.71319899e+01 
3            1.00000000e-02   2.00000000e-02   1.55174963e-04   2.10335221e-17   1.37476835e-16   1.14772964e-17   1.71319899e+01 
4            1.00000000e-02   3.00000000e-02   1.55261471e-04   2.45029691e-17   3.00467116e-14  -1.98988156e-17   1.71319899e+01 
5            1.00000000e-02   4.00000000e-02   1.55353058e-04   3.51281504e-17   1.67331426e-14  -3.03152562e-17   1.71319899e+01 
6            1.00000000e-02   5.00000000e-02   1.55449733e-04   4.29344060e-17  -2.24438523e-14  -5.96284725e-18   1.71319899e+01 
7            1.00000000e-02   6.00000000e-02   1.55551504e-04   4.35849273e-17   4.60525715e-15  -7.00072731e-19   1.71319899e+01 
8            1.00000000e-02   7.00000000e-02   1.55658379e-04   5.57279917e-17  -6.11511709e-15  -3.54848571e-18   1.71319899e+01 
9            1.00000000e-02   8.00000000e-02   1.55770364e-04   6.04984812e-17  -1.38561038e-15  -4.79509984e-18   1.71319899e+01 
10           1.00000000e-02   9.00000000e-02   1.55887467e-04   7.15573434e-17  -9.21853739e-15  -8.44211269e-18   1.71319899e+01 
11           1.00000000e-02   1.00000000e-01   1.56009693e-04   8.04478012e-17   1.35416851e-15  -4.13656481e-18   1.71319899e+01 
12           1.00000000e-02   1.10000000e-01   1.56137048e-04   8.79016911e-17  -3.85629029e-15  -4.78620202e-17   1.71319899e+01 
13           1.00000000e-02   1.20000000e-01   1.56269536e-04   9.82016118e-17   1.14617517e-14   8.63655969e-19   1.71319899e+01 
14           1.00000000e-02   1.30000000e-01   1.56407161e-04   1.06495758e-16  -1.39029413e-14   1.15373299e-17   1.71319899e+01 
15           1.00000000e-02   1.40000000e-01   1.56549928e-04   1.10940987e-16   1.73125403e-15  -2.88514245e-17   1.71319899e+01 
16           1.00000000e-02   1.50000000e-01   1.56697839e-04   1.18693033e-16  -2.43667933e-14  -3.34803537e-17   1.71319899e+01 
17           1.00000000e-02   1.60000000e-01   1.56850896e-04   1.28044277e-16   1.39523809e-14   1.45958600e-17   1.71319899e+01 
18           1.00000000e-02   1.70000000e-01   1.57009102e-04   1.34766330e-16  -4.18371934e-15  -1.21760986e-18   1.71319899e+01 
19           1.00000000e-02   1.80000000e-01   1.57172457e-04   1.42247325e-16  -1.70365024e-14  -4.12369520e-17   1.71319899e+01 
20           1.00000000e-02   1.90000000e-01   1.57340961e-04   1.50216211e-16   6.70297151e-15  -1.72837073e-17   1.71319899e+01 
21           1.00000000e-02   2.00000000e-01   1.57514615e-04   1.58591673e-16   1.48470646e-15   1.72203916e-17   1.71319899e+01 
22           1.00000000e-02   2.10000000e-01   1.57693418e-04   1.65205306e-16   1.70349845e-14  -1.07825177e-17   1.71319899e+01 
23           1.00000000e-02   2.20000000e-01   1.57877369e-04   1.73255507e-16   1.75168040e-14  -1.44573701e-17   1.71319899e+01 
24           1.00000000e-02   2.30000000e-01   1.58066465e-04   1.80546767e-16  -3.04827778e-14  -2.15993402e-17   1.71319899e+01 
25           1.00000000e-02   2.40000000e-01   1.58260704e-04   1.86509879e-16  -1.52978758e-14  -1.98929923e-17   1.71319899e+01 
26           1.00000000e-02   2.50000000e-01   1.58460082e-04   1.94180609e-16   6.57243357e-16   2.99604024e-17   1.71319899e+01 
27           1.00000000e-02   2.60000000e-01   1.58664595e-04   2.03043962e-16   2.53096155e-15  -1.12356803e-17   1.71319899e+01 
28           1.00000000e-02   2.70000000e-01   1.58874239e-04   2.12151260e-16   4.13254500e-15  -9.21571847e-19   1.71319899e+01 
29           1.00000000e-02   2.80000000e-01   1.59089009e-04   2.20662247e-16   5.93318797e-15   6.50965996e-18   1.71319899e+01 
30           1.00000000e-02   2.90000000e-01   1.59308897e-04   2.25920628e-16  -8.15601926e-15  -2.18058044e-17   1.71319899e+01 
31           1.00000000e-02   3.00000000e-01   1.59533898e-04   2.33997934e-16   1.96674274e-16  -6.38895776e-18   1.71319899e+01 
32           1.00000000e-02   3.10000000e-01   1.59764004e-04   2.38822634e-16  -4.94764819e-15  -2.62487040e-17   1.71319899e+01 
33           1.00000000e-02   3.20000000e-01   1.59999206e-04   2.47306516e-16  -9.68409380e-16  -9.84548746e-18   1.71319899e+01 
34           1.00000000e-02   3.30000000e-01   1.60239497e-04   2.53188312e-16  -3.73182388e-16   1.76479315e-18   1.71319899e+01 
35           1.00000000e-02   3.40000000e-01   1.60484865e-04   2.58853269e-16   9.31221246e-15  -1.99488965e-17   1.71319899e+01 
36           1.00000000e-02   3.50000000e-01   1.60735301e-04   2.65195851e-16   2.02303452e-14  -1.47887717e-17   1.71319899e+01 
37           1.00000000e-02   3.60000000e-01   1.60990794e-04   2.74438675e-16  -7.28215231e-15  -3.11326960e-18   1.71319899e+01 
38           1.00000000e-02   3.70000000e-01   1.61251331e-04   2.81973880e-16   1.43331527e-16  -1.64074517e-17   1.71319899e+01 
39           1.00000000e-02   3.80000000e-01   1.61516900e-04   2.89454875e-16   4.23749577e-15  -1.60402629e-17   1.71319899e+01 
40           1.00000000e-02   3.90000000e-01   1.61787487e-04   2.97749022e-16  -6.54185907e-15  -4.03937307e-17   1.71319899e+01 
41           1.00000000e-02   4.00000000e-01   1.62063079e-04   3.07750787e-16   1.16005296e-14  -1.63562062e-18   1.71319899e+01 
42           1.00000000e-02   4.10000000e-01   1.62343659e-04   3.11057603e-16  -1.31537576e-14  -7.55383982e-18   1.71319899e+01 
43           1.00000000e-02   4.20000000e-01   1.62629213e-04   3.18375968e-16   1.10512727e-14  -7.16589873e-19   1.71319899e+01 
44           1.00000000e-02   4.30000000e-01   1.62919722e-04   3.25369072e-16  -3.48462578e-15  -1.71303943e-17   1.71319899e+01 
45           1.00000000e-02   4.40000000e-01   1.63215171e-04   3.33012697e-16   1.29640222e-14  -2.15569885e-17   1.71319899e+01 
46           1.00000000e-02   4.50000000e-01   1.63515539e-04   3.37728977e-16  -9.32977653e-15  -4.20501036e-17   1.71319899e+01 
47           1.00000000e-02   4.60000000e-01   1.63820808e-04   3.48299948e-16   4.65903358e-15  -5.32021394e-18   1.71319899e+01 
48           1.00000000e-02   4.70000000e-01   1.64130958e-04   3.55835153e-16  -1.64536353e-14  -1.35626916e-17   1.71319899e+01 
49           1.00000000e-02   4.80000000e-01   1.64445967e-04   3.63858249e-16  -3.27429056e-15   5.16139526e-18   1.71319899e+01 
50           1.00000000e-02   4.90000000e-01   1.64765814e-04   3.70471882e-16   1.71273586e-14  -2.59213258e-17   1.71319899e+01 
51           1.00000000e-02   5.00000000e-01   1.65090474e-04   3.80771803e-16  -1.51983461e-14  -1.26051208e-17   1.71319899e+01 
52           1.00000000e-02   5.10000000e-01   1.65419925e-04   3.88523849e-16  -2.68556878e-15  -4.78997132e-19   1.71319899e+01 
53           1.00000000e-02   5.20000000e-01   1.65754142e-04   3.94920641e-16   8.10289336e-15   1.77838802e-17   1.71319899e+01 
54           1.00000000e-02   5.30000000e-01   1.66093098e-04   4.04298990e-16  -3.99333344e-15  -2.29672984e-18   1.71319899e+01 
55           1.00000000e-02   5.40000000e-01   1.66436767e-04   4.09557371e-16  -2.18672736e-14  -1.11935404e-17   1.71319899e+01 
56           1.00000000e-02   5.50000000e-01   1.66785121e-04   4.17743097e-16  -1.22159227e-14  -1.68275800e-17   1.71319899e+01 
57           1.00000000e-02   5.60000000e-01   1.67138131e-04   4.24573571e-16   7.29017541e-15  -2.77017890e-17   1.71319899e+01 
58           1.00000000e-02   5.70000000e-01   1.67495767e-04   4.35307172e-16   7.45735938e-15   1.63350304e-17   1.71319899e+01 
59           1.00000000e-02   5.80000000e-01   1.67857998e-04   4.41107654e-16   8.80675741e-15  -8.71003980e-18   1.71319899e+01 
60           1.00000000e-02   5.90000000e-01   1.68224792e-04   4.50973894e-16  -1.53219451e-14  -1.18643905e-17   1.71319899e+01 
61           1.00000000e-02   6.00000000e-01   1.68596116e-04   4.57424897e-16   1.46154790e-14  -2.69148954e-17   1.71319899e+01 
62           1.00000000e-02   6.10000000e-01   1.68971936e-04   4.67507977e-16  -1.78344752e-14  -2.24226562e-17   1.71319899e+01 
63           1.00000000e-02   6.20000000e-01   1.69352216e-04   4.77862108e-16   2.48731157e-14  -4.65054969e-17   1.71319899e+01 
64           1.00000000e-02   6.30000000e-01   1.69736920e-04   4.86427305e-16  -9.53425706e-15  -1.34246252e-17   1.71319899e+01 
65           1.00000000e-02   6.40000000e-01   1.70126010e-04   4.93962510e-16   3.53211384e-15  -1.99620255e-17   1.71319899e+01 
66           1.00000000e-02   6.50000000e-01   1.70587399e-04   5.02148236e-16   1.82015861e-15  -2.50103418e-17   1.71319899e+01 
67           1.00000000e-02   6.60000000e-01   1.71163987e-04   5.06105574e-16  -8.27202890e-15   1.26462019e-18   1.71319899e+01 
68           1.00000000e-02   6.70000000e-01   1.71746391e-04   5.13966040e-16  -5.75169253e-15  -2.16865845e-17   1.71319899e+01 
69           1.00000000e-02   6.80000000e-01   1.72334597e-04   5.22639657e-16   5.17316225e-15  -4.98402656e-17   1.71319899e+01 
70           1.00000000e-02   6.90000000e-01   1.72928590e-04   5.28548559e-16  -5.58407487e-15  -3.23846107e-17   1.71319899e+01 
71           1.00000000e-02   7.00000000e-01   1.73528356e-04   5.38469009e-16   1.65846070e-14  -1.54431047e-17   1.71319899e+01 
72           1.00000000e-02   7.10000000e-01   1.74133876e-04   5.45624743e-16   8.32233588e-16  -2.00187767e-17   1.71319899e+01 
73           1.00000000e-02   7.20000000e-01   1.74745132e-04   5.56141504e-16  -1.53100189e-14  -1.83679095e-17   1.71319899e+01 
74           1.00000000e-02   7.30000000e-01   1.75362105e-04   5.62213037e-16   5.54829620e-15  -3.90338193e-17   1.71319899e+01 
75           1.00000000e-02   7.40000000e-01   1.75984774e-04   5.69639821e-16  -1.65811375e-14  -7.26838972e-18   1.71319899e+01 
76           1.00000000e-02   7.50000000e-01   1.76614276e-04   5.79072380e-16  -1.63423962e-14  -1.43970190e-17   1.71319899e+01 
77           1.00000000e-02   7.60000000e-01   1.77249902e-04   5.89697562e-16  -5.17337909e-15  -1.42631878e-17   1.71319899e+01 
78           1.00000000e-02   7.70000000e-01   1.77891168e-04   5.96961716e-16   7.09501902e-15  -2.21744755e-17   1.71319899e+01 
79           1.00000000e-02   7.80000000e-01   1.78538050e-04   6.06556905e-16   2.13089095e-15   2.07726360e-17   1.71319899e+01 
80           1.00000000e-02   7.90000000e-01   1.79190518e-04   6.14471581e-16  -1.63057502e-14  -3.25133597e-17   1.71319899e+01 
81           1.00000000e-02   8.00000000e-01   1.79848543e-04   6.24175191e-16   3.29770933e-15  -2.11224606e-17   1.71319899e+01 
82           1.00000000e-02   8.10000000e-01   1.80512093e-04   6.34041430e-16  -4.98928156e-15  -8.41103717e-19   1.71319899e+01 
83           1.00000000e-02   8.20000000e-01   1.81181136e-04   6.44070301e-16  -1.28644925e-14   1.14688261e-18   1.71319899e+01 
84           1.00000000e-02   8.30000000e-01   1.81855637e-04   6.52635498e-16   2.40606146e-15  -1.12096340e-17   1.71319899e+01 
85           1.00000000e-02   8.40000000e-01   1.82535560e-04   6.61309115e-16   7.97669222e-15  -7.53774620e-18   1.71319899e+01 
86           1.00000000e-02   8.50000000e-01   1.83220867e-04   6.71229565e-16  -3.50782771e-15  -3.26505790e-17   1.71319899e+01 
87           1.00000000e-02   8.60000000e-01   1.83911517e-04   6.81258435e-16  -1.34569005e-14  -1.79037354e-17   1.71319899e+01 
88           1.00000000e-02   8.70000000e-01   1.84607471e-04   6.90148893e-16   4.51797887e-14  -3.19670234e-17   1.71319899e+01 
89           1.00000000e-02   8.80000000e-01   1.85308684e-04   6.97575678e-16  -2.74660936e-14  -4.15740711e-17   1.71319899e+01 
90           1.00000000e-02   8.90000000e-01   1.86015110e-04   7.05327723e-16   2.25308053e-14  -1.07276723e-17   1.71319899e+01 
91           1.00000000e-02   9.00000000e-01   1.86726704e-04   7.09718742e-16  -2.76037873e-16  -2.52991801e-17   1.71319899e+01 
92           1.00000000e-02   9.10000000e-01   1.87443417e-04   7.18392359e-16   8.29197822e-16   2.08505630e-17   1.71319899e+01 
93           1.00000000e-02   9.20000000e-01   1.88165196e-04   7.27065977e-16   1.05750911e-14  -2.83815330e-17   1.71319899e+01 
94           1.00000000e-02   9.30000000e-01   1.88891989e-04   7.34492762e-16   1.44790863e-14  -6.89654226e-18   1.71319899e+01 
95           1.00000000e-02   9.40000000e-01   1.89623742e-04   7.43654270e-16  -6.22722360e-15  -2.45444737e-17   1.71319899e+01 
96           1.00000000e-02   9.50000000e-01   1.90360396e-04   7.51460526e-16  -1.19002030e-15  -5.38374141e-18   1.71319899e+01 
97           1.00000000e-02   9.60000000e-01   1.91101893e-04   7.57152587e-16   3.42391046e-15  -5.64039240e-18   1.71319899e+01 
98           1.00000000e-02   9.70000000e-01   1.91848172e-04   7.66205675e-16   8.62352724e-15  -2.83349462e-17   1.71319899e+01 
99           1.00000000e-02   9.80000000e-01   1.92599168e-04   7.76559806e-16   7.67485034e-15  -3.37788269e-17   1.71319899e+01 
100          1.00000000e-02   9.90000000e-01   1.93354815e-04   7.84474482e-16   1.37541888e-15  -2.29715335e-18   1.71319899e+01 
101          1.00000000e-02   1.00000000e+00   1.94115047e-04   7.90383384e-16   2.24412502e-14  -2.11106021e-17   1.71319899e+01 
102          1.00000000e-02   1.01000000e+00   1.94879791e-04   7.99761733e-16  -1.66932440e-14  -1.23556696e-17   1.71319899e+01 
103          1.00000000e-02   1.02000000e+00   1.95648976e-04   8.08272720e-16   1.07875948e-14  -4.13352078e-19   1.71319899e+01 
104          1.00000000e-02   1.03000000e+00   1.96422525e-04   8.16729497e-16  -7.16289007e-15  -3.81673046e-18   1.71319899e+01 
105          1.00000000e-02   1.04000000e+00   1.97200362e-04   8.24589962e-16   2.00573065e-14  -3.49362974e-17   1.71319899e+01 
106          1.00000000e-02   1.05000000e+00   1.97982405e-04   8.34076731e-16  -3.64552138e-15  -3.29055359e-17   1.71319899e+01 
107          1.00000000e-02   1.06000000e+00   1.98768572e-04   8.44918753e-16  -2.06367042e-15  -4.74363861e-17   1.71319899e+01 
108          1.00000000e-02   1.07000000e+00   1.99558778e-04   8.52779219e-16  -5.66322163e-15  -1.47222797e-17   1.71319899e+01 
109          1.00000000e-02   1.08000000e+00   2.00352935e-04   8.61615466e-16   3.17541132e-15  -1.28405960e-17   1.71319899e+01 
110          1.00000000e-02   1.09000000e+00   2.01150952e-04   8.70614345e-16  -2.01878445e-15  -4.91469692e-17   1.71319899e+01 
111          1.00000000e-02   1.10000000e+00   2.01952735e-04   8.81564786e-16  -1.71859055e-14  -1.23963272e-17   1.71319899e+01 
112          1.00000000e-02   1.11000000e+00   2.02758189e-04   8.90346824e-16  -6.95992743e-15   9.96576614e-18   1.71319899e+01 
113          1.00000000e-02   1.12000000e+00   2.03567214e-04   8.94683633e-16   1.60331817e-15   3.09929355e-18   1.71319899e+01 
114          1.00000000e-02   1.13000000e+00   2.04379709e-04   9.05308814e-16   1.16152747e-14   2.38185665e-18   1.71319899e+01 
115          1.00000000e-02   1.14000000e+00   2.05195569e-04   9.15283474e-16   9.26515809e-15  -1.85483275e-17   1.71319899e+01 
116          1.00000000e-02   1.15000000e+00   2.06014687e-04   9.24065512e-16  -1.48600750e-14  -4.14474397e-17   1.71319899e+01 
117          1.00000000e-02   1.16000000e+00   2.06836951e-04   9.30787565e-16   4.25679457e-15  -1.61308954e-17   1.71319899e+01 
118          1.00000000e-02   1.17000000e+00   2.07662250e-04   9.40653805e-16  -1.75976855e-14  -2.44847579e-17   1.71319899e+01 
119          1.00000000e-02   1.18000000e+00   2.08490465e-04   9.47917959e-16  -1.25208004e-14  -2.23252474e-17   1.71319899e+01 
120          1.00000000e-02   1.19000000e+00   2.09321477e-04   9.56591577e-16   3.40524050e-14  -4.42998231e-19   1.71319899e+01 
121          1.00000000e-02   1.20000000e+00   2.10174097e-04   9.67433599e-16   1.11815938e-14  -2.00086123e-17   1.71319899e+01 
122          1.00000000e-02   1.21000000e+00   2.11282420e-04   9.79251402e-16  -1.17362717e-14  -3.74803609e-17   1.71319899e+01 
123          1.00000000e-02   1.22000000e+00   2.12396986e-04   9.91069206e-16  -9.29746731e-15  -1.34386012e-17   1.71319899e+01 
124          1.00000000e-02   1.23000000e+00   2.13517706e-04   9.98441781e-16  -2.45181479e-15   3.15947524e-17   1.71319899e+01 
125          1.00000000e-02   1.24000000e+00   2.14644489e-04   1.00993432e-15   5.90911868e-15   6.22569216e-19   1.71319899e+01 
126          1.00000000e-02   1.25000000e+00   2.15777240e-04   1.01795742e-15  -8.67817103e-15   1.32196432e-17   1.71319899e+01 
127          1.00000000e-02   1.26000000e+00   2.16915860e-04   1.02728156e-15   1.06637789e-14  -2.89939378e-17   1.71319899e+01 
128          1.00000000e-02   1.27000000e+00   2.18060246e-04   1.03573834e-15  -2.14431337e-14  -4.46606592e-17   1.71319899e+01 
129          1.00000000e-02   1.28000000e+00   2.19210289e-04   1.04354459e-15  -1.06698504e-14  -1.17669817e-17   1.71319899e+01 
130          1.00000000e-02   1.29000000e+00   2.20365879e-04   1.05557924e-15  -2.52738368e-14   8.86631738e-18   1.71319899e+01 
131          1.00000000e-02   1.30000000e+00   2.21526900e-04   1.06436127e-15   3.31540351e-14   9.55876681e-19   1.71319899e+01 
132          1.00000000e-02   1.31000000e+00   2.22693231e-04   1.07726328e-15  -2.26988567e-15   5.50253778e-18   1.71319899e+01 
133          1.00000000e-02   1.32000000e+00   2.23864748e-04   1.08788846e-15  -1.52703371e-14  -2.49817545e-17   1.71319899e+01 
134          1.00000000e-02   1.33000000e+00   2.25041321e-04   1.09634524e-15  -1.21907692e-15  -6.02603591e-17   1.71319899e+01 
135          1.00000000e-02   1.34000000e+00   2.26222817e-04   1.10382623e-15   3.76588951e-14  -2.04984091e-17   1.71319899e+01 
136          1.00000000e-02   1.35000000e+00   2.27409097e-04   1.11130723e-15   1.42741721e-14  -9.86115757e-18   1.71319899e+01 
137          1.00000000e-02   1.36000000e+00   2.28600017e-04   1.12529343e-15  -2.06952511e-15  -4.26830490e-18   1.71319899e+01 
138          1.00000000e-02   1.37000000e+00   2.29795431e-04   1.13407547e-15  -1.04367470e-14  -2.42212777e-17   1.71319899e+01 
139          1.00000000e-02   1.38000000e+00   2.30995183e-04   1.14470065e-15  -5.58923567e-14  -3.16886011e-17   1.71319899e+01 
140          1.00000000e-02   1.39000000e+00   2.32199116e-04   1.15456689e-15   7.79758202e-16  -1.60114506e-17   1.71319899e+01 
141          1.00000000e-02   1.40000000e+00   2.33407067e-04   1.16551734e-15  -2.86407183e-14  -4.25280155e-17   1.71319899e+01 
142          1.00000000e-02   1.41000000e+00   2.34618867e-04   1.17256465e-15  -8.42793717e-15   2.06431458e-17   1.71319899e+01 
143          1.00000000e-02   1.42000000e+00   2.35834342e-04   1.18188879e-15   7.90470120e-15  -4.31063537e-17   1.71319899e+01 
144          1.00000000e-02   1.43000000e+00   2.37053313e-04   1.19294765e-15   1.16538723e-14  -4.54475528e-18   1.71319899e+01 
145          1.00000000e-02   1.44000000e+00   2.38276419e-04   1.20595808e-15  -1.89787422e-14  -8.27106497e-18   1.71319899e+01 
146          1.00000000e-02   1.45000000e+00   2.39504804e-04   1.21745062e-15   2.56511392e-14   1.08801382e-18   1.71319899e+01 
147          1.00000000e-02   1.46000000e+00   2.40736140e-04   1.22818422e-15   1.80489304e-14   1.18648140e-18   1.71319899e+01 
148          1.00000000e-02   1.47000000e+00   2.41970224e-04   1.23750836e-15   8.24037019e-15  -1.41304154e-17   1.71319899e+01 
149          1.00000000e-02   1.48000000e+00   2.43206850e-04   1.24726618e-15   6.67499910e-15  -7.51106466e-19   1.71319899e+01 
150          1.00000000e-02   1.49000000e+00   2.44445805e-04   1.25745768e-15  -5.25599529e-15  -1.63257130e-17   1.71319899e+01 
151          1.00000000e-02   1.50000000e+00   2.45686871e-04   1.26754076e-15  -2.19633339e-14  -1.43351856e-17   1.71319899e+01 
152          1.00000000e-02   1.51000000e+00   2.46929821e-04   1.27870804e-15   2.69467608e-15  -5.85469173e-18   1.71319899e+01 
153          1.00000000e-02   1.52000000e+00   2.48174427e-04   1.28705640e-15  -1.22948526e-16  -1.71553818e-17   1.71319899e+01 
154          1.00000000e-02   1.53000000e+00   2.49420450e-04   1.29963314e-15   2.64766507e-14  -2.33061115e-18   1.71319899e+01 
155          1.00000000e-02   1.54000000e+00   2.50667649e-04   1.31188463e-15   3.97837145e-15  -2.37410630e-17   1.71319899e+01 
156          1.00000000e-02   1.55000000e+00   2.51915773e-04   1.32175087e-15   8.48756829e-15  -4.32088447e-17   1.71319899e+01 
157          1.00000000e-02   1.56000000e+00   2.53164568e-04   1.33183395e-15  -7.47080349e-15  -6.94439962e-18   1.71319899e+01 
158          1.00000000e-02   1.57000000e+00   2.54413772e-04   1.34473595e-15  -1.05217484e-14  -2.10661329e-17   1.71319899e+01 
159          1.00000000e-02   1.58000000e+00   2.55663116e-04   1.35525272e-15   2.46126904e-14  -2.78102092e-17   1.71319899e+01 
160          1.00000000e-02   1.59000000e+00   2.56912327e-04   1.36566106e-15  -9.28792633e-15  -2.50332117e-17   1.71319899e+01 
161          1.00000000e-02   1.60000000e+00   2.58161123e-04   1.37606940e-15  -3.13009167e-15  -2.39786557e-17   1.71319899e+01 
162          1.00000000e-02   1.61000000e+00   2.59409217e-04   1.38593564e-15   9.89182694e-15  -4.09464197e-17   1.71319899e+01 
163          1.00000000e-02   1.62000000e+00   2.60656314e-04   1.39775344e-15   4.47821034e-14  -2.04295877e-17   1.71319899e+01 
164          1.00000000e-02   1.63000000e+00   2.61902116e-04   1.40621022e-15   5.56824552e-15  -9.46559319e-18   1.71319899e+01 
165          1.00000000e-02   1.64000000e+00   2.63146314e-04   1.41987117e-15   4.26364673e-14  -3.23414120e-17   1.71319899e+01 
166          1.00000000e-02   1.65000000e+00   2.64688023e-04   1.43147213e-15   3.87754065e-15  -2.18542971e-17   1.71319899e+01 
167          1.00000000e-02   1.66000000e+00   2.66365605e-04   1.44209731e-15  -2.82673190e-15  -9.37072550e-18   1.71319899e+01 
168          1.00000000e-02   1.67000000e+00   2.68047893e-04   1.44925304e-15  -6.88880376e-15   1.94927692e-17   1.71319899e+01 
169          1.00000000e-02   1.68000000e+00   2.69734599e-04   1.46334767e-15  -7.52024311e-15  -4.70857145e-17   1.71319899e+01 
170          1.00000000e-02   1.69000000e+00   2.71425430e-04   1.47549074e-15   2.36280179e-14  -1.46943276e-17   1.71319899e+01 
171          1.00000000e-02   1.70000000e+00   2.73120078e-04   1.48654960e-15  -3.82972733e-14  -4.20890671e-17   1.71319899e+01 
172          1.00000000e-02   1.71000000e+00   2.74818227e-04   1.50064423e-15   1.41371290e-14  -1.44021012e-17   1.71319899e+01 
173          1.00000000e-02   1.72000000e+00   2.76519553e-04   1.51397991e-15   1.17956860e-14  -1.53660247e-17   1.71319899e+01 
174          1.00000000e-02   1.73000000e+00   2.78223718e-04   1.52254511e-15   3.44032528e-14   3.87305815e-17   1.71319899e+01 
175          1.00000000e-02   1.74000000e+00   2.79930376e-04   1.53761552e-15   4.79434201e-15   2.08336224e-17   1.71319899e+01 
176          1.00000000e-02   1.75000000e+00   2.81639169e-04   1.54975859e-15   1.23165367e-14  -7.04070726e-17   1.71319899e+01 
177          1.00000000e-02   1.76000000e+00   2.83349729e-04   1.56103429e-15  -1.03951136e-14  -3.07286613e-17   1.71319899e+01 
178          1.00000000e-02   1.77000000e+00   2.85061678e-04   1.57296051e-15  -2.15875495e-14  -6.68935800e-17   1.71319899e+01 
179          1.00000000e-02   1.78000000e+00   2.86774625e-04   1.58542884e-15   3.07278075e-14  -7.37257477e-18   1.71319899e+01 
180          1.00000000e-02   1.79000000e+00   2.88488169e-04   1.59507824e-15  -4.35125026e-14  -1.68339328e-17   1.71319899e+01 
181          1.00000000e-02   1.80000000e+00   2.90201899e-04   1.61101601e-15   2.89048299e-15   8.55333870e-18   1.71319899e+01 
182          1.00000000e-02   1.81000000e+00   2.91915391e-04   1.61936436e-15   1.66500928e-14   2.60225462e-17   1.71319899e+01 
183          1.00000000e-02   1.82000000e+00   2.93628210e-04   1.63627792e-15  -2.81046887e-15   8.64820639e-18   1.71319899e+01 
184          1.00000000e-02   1.83000000e+00   2.95339910e-04   1.64950519e-15  -1.97938454e-14  -2.58192583e-17   1.71319899e+01 
185          1.00000000e-02   1.84000000e+00   2.97050033e-04   1.66088931e-15  -1.45643046e-14  -3.52772282e-17   1.71319899e+01 
186          1.00000000e-02   1.85000000e+00   2.98758110e-04   1.67444184e-15  -3.34962093e-14   7.91128773e-19   1.71319899e+01 
187          1.00000000e-02   1.86000000e+00   3.00463660e-04   1.68539228e-15   2.56446340e-14   1.44351355e-17   1.71319899e+01 
188          1.00000000e-02   1.87000000e+00   3.02166192e-04   1.69374063e-15   5.32473371e-15   3.35950208e-17   1.71319899e+01 
189          1.00000000e-02   1.88000000e+00   3.03865199e-04   1.70740158e-15   4.29144567e-14  -8.69123567e-17   1.71319899e+01 
190          1.00000000e-02   1.89000000e+00   3.05560167e-04   1.71759308e-15  -7.67289877e-15  -5.89873744e-18   1.71319899e+01 
191          1.00000000e-02   1.90000000e+00   3.07250568e-04   1.73157929e-15  -1.30349290e-14  -4.47911023e-17   1.71319899e+01 
192          1.00000000e-02   1.91000000e+00   3.08935863e-04   1.74534866e-15  -2.01353691e-14  -2.60818385e-17   1.71319899e+01 
193          1.00000000e-02   1.92000000e+00   3.10615501e-04   1.75792540e-15  -8.78919333e-15  -3.74473266e-17   1.71319899e+01 
194          1.00000000e-02   1.93000000e+00   3.12288919e-04   1.77310423e-15   1.63671160e-15  -3.54280001e-17   1.71319899e+01 
195          1.00000000e-02   1.94000000e+00   3.13955543e-04   1.78416310e-15  -2.42601078e-14  -2.62580214e-18   1.71319899e+01 
196          1.00000000e-02   1.95000000e+00   3.15614788e-04   1.79251145e-15   6.58258170e-14  -2.25310764e-17   1.71319899e+01 
197          1.00000000e-02   1.96000000e+00   3.17266057e-04   1.80324505e-15   1.16876994e-14  -3.33459931e-17   1.71319899e+01 
198          1.00000000e-02   1.97000000e+00   3.18908741e-04   1.81907440e-15  -2.95204399e-14  -5.80962958e-17   1.71319899e+01 
199          1.00000000e-02   1.98000000e+00   3.20542222e-04   1.83392797e-15  -1.31316399e-14  -3.19771878e-17   1.71319899e+01 
200          1.00000000e-02   1.99000000e+00   3.22165868e-04   1.85094995e-15   4.56102170e-14   3.26954718e-18   1.71319899e+01 
201          1.00000000e-02   2.00000000e+00   3.23781189e-04   1.86688772e-15  -1.41204323e-14   2.84704714e-17   1.71319899e+01 
202          1.00000000e-02   2.01000000e+00   3.26029275e-04   1.88195813e-15   4.04927827e-14   2.41675441e-17   1.71319899e+01 
203          1.00000000e-02   2.02000000e+00   3.28300604e-04   1.89518540e-15   9.54965274e-16   3.54398585e-18   1.71319899e+01 
204          1.00000000e-02   2.03000000e+00   3.30571431e-04   1.90689478e-15  -1.40644874e-14   5.14996032e-18   1.71319899e+01 
205          1.00000000e-02   2.04000000e+00   3.32841071e-04   1.91903785e-15  -3.29612639e-14   6.53909435e-18   1.71319899e+01 
206          1.00000000e-02   2.05000000e+00   3.35108820e-04   1.93399984e-15   3.02642026e-14  -3.97258452e-17   1.71319899e+01 
207          1.00000000e-02   2.06000000e+00   3.37373954e-04   1.95221443e-15  -1.44170700e-14  -5.81877753e-17   1.71319899e+01 
208          1.00000000e-02   2.07000000e+00   3.39635728e-04   1.96283961e-15  -1.17711830e-14  -3.35458928e-17   1.71319899e+01 
209          1.00000000e-02   2.08000000e+00   3.41893376e-04   1.97368163e-15  -1.08695605e-14  -3.13198903e-17   1.71319899e+01 
210          1.00000000e-02   2.09000000e+00   3.44146114e-04   1.98951099e-15   5.09249760e-15  -3.64122523e-17   1.71319899e+01 
211          1.00000000e-02   2.10000000e+00   3.46393134e-04   2.00382246e-15  -2.48846083e-14  -3.56973565e-17   1.71319899e+01 
212          1.00000000e-02   2.11000000e+00   3.48633611e-04   2.01694130e-15  -6.48027638e-15   1.59242194e-18   1.71319899e+01 
213          1.00000000e-02   2.12000000e+00   3.50866698e-04   2.03352959e-15   6.39028760e-16  -8.71427496e-18   1.71319899e+01 
214          1.00000000e-02   2.13000000e+00   3.53091527e-04   2.04784106e-15  -9.69493583e-16  -1.72862484e-17   1.71319899e+01 
215          1.00000000e-02   2.14000000e+00   3.55307210e-04   2.06106833e-15   5.98609703e-15  -3.19500828e-17   1.71319899e+01 
216          1.00000000e-02   2.15000000e+00   3.57512841e-04   2.07472928e-15  -1.52761918e-14   4.65190495e-17   1.71319899e+01 
217          1.00000000e-02   2.16000000e+00   3.59707492e-04   2.09099231e-15  -6.13875270e-16  -3.13402190e-18   1.71319899e+01 
218          1.00000000e-02   2.17000000e+00   3.61890213e-04   2.10400274e-15  -2.13585660e-14  -7.58094488e-17   1.71319899e+01 
219          1.00000000e-02   2.18000000e+00   3.64060040e-04   2.11657948e-15   2.22977019e-15  -2.80198499e-17   1.71319899e+01 
220          1.00000000e-02   2.19000000e+00   3.66215985e-04   2.13305935e-15   1.11033144e-14   1.37083812e-17   1.71319899e+01 
221          1.00000000e-02   2.20000000e+00   3.68357042e-04   2.14802134e-15  -3.02301587e-14  -5.32953130e-17   1.71319899e+01 
222          1.00000000e-02   2.21000000e+00   3.70482187e-04   2.16341701e-15  -4.43341110e-14  -2.67526886e-17   1.71319899e+01 
223          1.00000000e-02   2.22000000e+00   3.72590379e-04   2.18033057e-15   4.08748556e-14  -5.66089059e-17   1.71319899e+01 
224          1.00000000e-02   2.23000000e+00   3.74680558e-04   2.19615992e-15  -1.20036359e-14  -2.23819986e-17   1.71319899e+01 
225          1.00000000e-02   2.24000000e+00   3.76751645e-04   2.20938719e-15  -2.07191035e-14   2.54990798e-17   1.71319899e+01 
226          1.00000000e-02   2.25000000e+00   3.78802547e-04   2.22434918e-15  -3.54059230e-14  -2.37338632e-17   1.71319899e+01 
227          1.00000000e-02   2.26000000e+00   3.80832153e-04   2.23909433e-15   1.61615513e-14  -1.92039310e-17   1.71319899e+01 
228          1.00000000e-02   2.27000000e+00   3.82839340e-04   2.25102055e-15   4.97583745e-15  -1.74285499e-17   1.71319899e+01 
229          1.00000000e-02   2.28000000e+00   3.84822966e-04   2.26533202e-15  -2.23308785e-14   5.24143988e-18   1.71319899e+01 
230          1.00000000e-02   2.29000000e+00   3.86781877e-04   2.28159505e-15  -6.11641814e-15   2.01322791e-17   1.71319899e+01 
231          1.00000000e-02   2.30000000e+00   3.89003947e-04   2.29330444e-15  -1.82731434e-15  -2.30291318e-17   1.71319899e+01 
232          1.00000000e-02   2.31000000e+00   3.91901351e-04   2.30826643e-15   4.14143546e-14  -2.19110483e-17   1.71319899e+01 
233          1.00000000e-02   2.32000000e+00   3.94788477e-04   2.32084317e-15   6.16824300e-15  -5.74830439e-17   1.71319899e+01 
234          1.00000000e-02   2.33000000e+00   3.97663974e-04   2.33840725e-15   3.42087469e-14   5.99021700e-18   1.71319899e+01 
235          1.00000000e-02   2.34000000e+00   4.00526457e-04   2.35380292e-15   3.80327280e-14  -1.57073790e-17   1.71319899e+01 
236          1.00000000e-02   2.35000000e+00   4.03374503e-04   2.36811439e-15  -1.51007679e-14  -3.12182463e-17   1.71319899e+01 
237          1.00000000e-02   2.36000000e+00   4.06206658e-04   2.38481110e-15   2.35985276e-14  -8.97177298e-18   1.71319899e+01 
238          1.00000000e-02   2.37000000e+00   4.09021432e-04   2.39717100e-15  -2.41562412e-14  -5.71306782e-17   1.71319899e+01 
239          1.00000000e-02   2.38000000e+00   4.11817300e-04   2.41495192e-15  -7.59006573e-15   4.98055373e-18   1.71319899e+01 
240          1.00000000e-02   2.39000000e+00   4.14592707e-04   2.42882971e-15  -3.64799337e-14  -6.16639986e-18   1.71319899e+01 
241          1.00000000e-02   2.40000000e+00   4.17346062e-04   2.44465906e-15   1.41813644e-15  -1.05377675e-16   1.71319899e+01 
242          1.00000000e-02   2.41000000e+00   4.20075745e-04   2.45983789e-15   1.33189900e-14   2.35271871e-17   1.71319899e+01 
243          1.00000000e-02   2.42000000e+00   4.22780103e-04   2.47523356e-15  -3.95818361e-14  -8.80710977e-17   1.71319899e+01 
244          1.00000000e-02   2.43000000e+00   4.25457455e-04   2.48932819e-15  -2.04751580e-14  -4.48317598e-17   1.71319899e+01 
245          1.00000000e-02   2.44000000e+00   4.28106089e-04   2.50559122e-15   4.40752036e-14  -5.06728990e-17   1.71319899e+01 
246          1.00000000e-02   2.45000000e+00   4.30724267e-04   2.52077005e-15   4.77727666e-14  -6.68952740e-17   1.71319899e+01 
247          1.00000000e-02   2.46000000e+00   4.33310224e-04   2.53573204e-15  -3.28276902e-14   5.04831637e-18   1.71319899e+01 
248          1.00000000e-02   2.47000000e+00   4.35862169e-04   2.55091087e-15   4.62173702e-14   2.29715335e-18   1.71319899e+01 
249          1.00000000e-02   2.48000000e+00   4.38378291e-04   2.56847495e-15   2.64692782e-14  -4.84367321e-17   1.71319899e+01 
250          1.00000000e-02   2.49000000e+00   4.40856753e-04   2.58322010e-15   5.24255118e-15  -2.14672030e-17   1.71319899e+01 
251          1.00000000e-02   2.50000000e+00   4.43295702e-04   2.59904945e-15   1.50246569e-14  -1.35864085e-17   1.71319899e+01 
252          1.00000000e-02   2.51000000e+00   4.45693263e-04   2.61444512e-15   3.53746980e-14   1.22108270e-17   1.71319899e+01 
253          1.00000000e-02   2.52000000e+00   4.48047548e-04   2.63200919e-15  -1.80565198e-14  -5.93058588e-17   1.71319899e+01 
254          1.00000000e-02   2.53000000e+00   4.50356656e-04   2.64653750e-15  -2.23128807e-15  -1.76996005e-17   1.71319899e+01 
255          1.00000000e-02   2.54000000e+00   4.52618673e-04   2.66171633e-15  -2.52616938e-14  -2.65358482e-17   1.71319899e+01 
256          1.00000000e-02   2.55000000e+00   4.54894800e-04   2.67819621e-15  -2.11853105e-16  -2.12842439e-17   1.71319899e+01 
257          1.00000000e-02   2.56000000e+00   4.58457663e-04   2.69641080e-15   2.47306516e-14   2.33916619e-17   1.71319899e+01 
258          1.00000000e-02   2.57000000e+00   4.61993297e-04   2.71072227e-15   2.64181038e-14  -3.80283912e-17   1.71319899e+01 
259          1.00000000e-02   2.58000000e+00   4.65499278e-04   2.72806951e-15  -3.61253995e-14   3.12385751e-17   1.71319899e+01 
260          1.00000000e-02   2.59000000e+00   4.68973124e-04   2.74173045e-15   4.06699414e-14  -4.53399796e-17   1.71319899e+01 
261          1.00000000e-02   2.60000000e+00   4.72412299e-04   2.75495772e-15  -1.02110161e-14   5.63514079e-17   1.71319899e+01 
262          1.00000000e-02   2.61000000e+00   4.75814218e-04   2.77057023e-15   3.06159178e-14  -3.59819596e-17   1.71319899e+01 
263          1.00000000e-02   2.62000000e+00   4.79176242e-04   2.78683326e-15   3.63743324e-14  -7.51961969e-17   1.71319899e+01 
264          1.00000000e-02   2.63000000e+00   4.82495688e-04   2.80114473e-15   1.80532672e-14  -1.04218934e-17   1.71319899e+01 
265          1.00000000e-02   2.64000000e+00   4.85769825e-04   2.81870881e-15  -2.10473999e-14   3.67070198e-17   1.71319899e+01 
266          1.00000000e-02   2.65000000e+00   4.88995880e-04   2.83692340e-15  -7.67029669e-15  -6.99716977e-17   1.71319899e+01 
267          1.00000000e-02   2.66000000e+00   4.92171041e-04   2.85405380e-15   3.78028771e-14  -8.25755480e-17   1.71319899e+01 
268          1.00000000e-02   2.67000000e+00   4.95292459e-04   2.87378628e-15   2.05727362e-14  -1.48603460e-17   1.71319899e+01 
269          1.00000000e-02   2.68000000e+00   4.98357529e-04   2.88939879e-15  -3.16740991e-14  -5.25431478e-17   1.71319899e+01 
270          1.00000000e-02   2.69000000e+00   5.01377387e-04   2.90783023e-15   3.46211775e-14  -4.90059382e-17   1.71319899e+01 
271          1.00000000e-02   2.70000000e+00   5.04335613e-04   2.92669534e-15  -3.84774677e-14  -7.75407841e-17   1.71319899e+01 
272          1.00000000e-02   2.71000000e+00   5.07229235e-04   2.93862157e-15  -2.49399026e-14  -3.24583025e-17   1.71319899e+01 
273          1.00000000e-02   2.72000000e+00   5.10055260e-04   2.95748669e-15   5.48922886e-14   3.91668035e-18   1.71319899e+01 
274          1.00000000e-02   2.73000000e+00   5.12810677e-04   2.97743601e-15   4.04880122e-14  -3.20788318e-17   1.71319899e+01 
275          1.00000000e-02   2.74000000e+00   5.15492471e-04   2.99326536e-15   8.44133791e-14  -9.21571847e-19   1.71319899e+01 
276          1.00000000e-02   2.75000000e+00   5.18097619e-04   3.01429888e-15   2.11458455e-14   5.34376146e-17   1.71319899e+01 
277          1.00000000e-02   2.76000000e+00   5.20623099e-04   3.03316400e-15   5.41238061e-14  -5.18045351e-17   1.71319899e+01 
278          1.00000000e-02   2.77000000e+00   5.23065899e-04   3.05571540e-15  -4.49683693e-14  -3.44098664e-17   1.71319899e+01 
279          1.00000000e-02   2.78000000e+00   5.27203814e-04   3.07501420e-15  -3.93500336e-14   3.53653196e-17   1.71319899e+01 
280          1.00000000e-02   2.79000000e+00   5.31416016e-04   3.08910883e-15  -3.29447841e-14  -2.73828811e-17   1.71319899e+01 
281          1.00000000e-02   2.80000000e+00   5.35570219e-04   3.10710659e-15   7.32920669e-16   2.77826807e-18   1.71319899e+01 
282          1.00000000e-02   2.81000000e+00   5.39662278e-04   3.13095903e-15   3.08093395e-14   4.75693703e-18   1.71319899e+01 
283          1.00000000e-02   2.82000000e+00   5.43700682e-04   3.14830627e-15   1.10653674e-15   5.35731398e-17   1.71319899e+01 
284          1.00000000e-02   2.83000000e+00   5.47677478e-04   3.16652086e-15  -1.61433367e-14   4.02645582e-17   1.71319899e+01 
285          1.00000000e-02   2.84000000e+00   5.51580933e-04   3.18300074e-15   1.80361368e-14  -1.20644597e-16   1.71319899e+01 
286          1.00000000e-02   2.85000000e+00   5.55406638e-04   3.19991429e-15   9.03010305e-15  -6.92940713e-17   1.71319899e+01 
287          1.00000000e-02   2.86000000e+00   5.59150132e-04   3.22224886e-15   4.49922218e-15  -6.27482007e-18   1.71319899e+01 
288          1.00000000e-02   2.87000000e+00   5.62806903e-04   3.23721085e-15   8.06516312e-15   4.82469967e-18   1.71319899e+01 
289          1.00000000e-02   2.88000000e+00   5.66372401e-04   3.25716017e-15   4.80648507e-15  -5.86282325e-17   1.71319899e+01 
290          1.00000000e-02   2.89000000e+00   5.69842044e-04   3.28144630e-15   4.25571037e-14  -3.92074611e-17   1.71319899e+01 
291          1.00000000e-02   2.90000000e+00   5.73211228e-04   3.29749249e-15  -2.57313702e-14  -8.11254276e-17   1.71319899e+01 
292          1.00000000e-02   2.91000000e+00   5.76475336e-04   3.31722497e-15  -2.26272993e-14  -1.16822784e-17   1.71319899e+01 
293          1.00000000e-02   2.92000000e+00   5.79629747e-04   3.33587324e-15   3.47881446e-14  -1.18991188e-16   1.71319899e+01 
294          1.00000000e-02   2.93000000e+00   5.82669849e-04   3.35408784e-15  -2.12314975e-14   2.97884547e-17   1.71319899e+01 
295          1.00000000e-02   2.94000000e+00   5.85591050e-04   3.37512136e-15  -1.99081203e-15  -2.36627124e-17   1.71319899e+01 
296          1.00000000e-02   2.95000000e+00   5.88388791e-04   3.39550436e-15  -1.00286533e-14  -5.52943108e-17   1.71319899e+01 
297          1.00000000e-02   2.96000000e+00   5.91058557e-04   3.41957365e-15   1.08342155e-14   4.95209342e-17   1.71319899e+01 
298          1.00000000e-02   2.97000000e+00   5.94119526e-04   3.44364294e-15  -2.15543729e-14  -3.60632748e-17   1.71319899e+01 
299          1.00000000e-02   2.98000000e+00   5.99098267e-04   3.45947229e-15  -2.46916203e-14  -9.48270325e-17   1.71319899e+01 
300          1.00000000e-02   2.99000000e+00   6.04011892e-04   3.47898793e-15   4.26043749e-14  -1.33234894e-16   1.71319899e+01 
301          1.00000000e-02   3.00000000e+00   6.08826592e-04   3.49481728e-15  -1.46941920e-14  -2.38931054e-17   1.71319899e+01 
302          1.00000000e-02   3.01000000e+00   6.13535787e-04   3.50891191e-15   2.21823428e-14  -4.07931067e-18   1.71319899e+01 
303          1.00000000e-02   3.02000000e+00   6.18132803e-04   3.52842755e-15  -3.64532623e-14  -9.44340092e-17   1.71319899e+01 
304          1.00000000e-02   3.03000000e+00   6.22610882e-04   3.55271368e-15   1.71715940e-14  -1.42125352e-16   1.71319899e+01 
305          1.00000000e-02   3.04000000e+00   6.26963203e-04   3.57396404e-15   4.72061626e-15  -3.07777892e-17   1.71319899e+01 
306          1.00000000e-02   3.05000000e+00   6.31182886e-04   3.59326284e-15  -6.70555191e-14  -6.51198930e-17   1.71319899e+01 
307          1.00000000e-02   3.06000000e+00   6.35263020e-04   3.62123526e-15   2.80968825e-14  -6.38459554e-17   1.71319899e+01 
308          1.00000000e-02   3.07000000e+00   6.39196670e-04   3.63706461e-15  -4.19404095e-14  -6.97955149e-17   1.71319899e+01 
309          1.00000000e-02   3.08000000e+00   6.42976901e-04   3.65636341e-15   2.59005057e-14  -4.67562187e-18   1.71319899e+01 
310          1.00000000e-02   3.09000000e+00   6.46596795e-04   3.67718009e-15  -7.26294025e-14   9.26992857e-18   1.71319899e+01 
311          1.00000000e-02   3.10000000e+00   6.50049475e-04   3.69973149e-15  -3.12386835e-14  -3.58057767e-17   1.71319899e+01 
312          1.00000000e-02   3.11000000e+00   6.53331083e-04   3.72119870e-15  -1.88195813e-15  -3.43692089e-17   1.71319899e+01 
313          1.00000000e-02   3.12000000e+00   6.56519830e-04   3.74963190e-15   1.81018395e-15   9.19945543e-17   1.71319899e+01 
314          1.00000000e-02   3.13000000e+00   6.59524297e-04   3.77302356e-15  -2.32027939e-14  -1.91090633e-18   1.71319899e+01 
315          1.00000000e-02   3.14000000e+00   6.62337812e-04   3.79701153e-15  -2.39027548e-14  -1.95156391e-18   1.71319899e+01 
316          1.00000000e-02   3.15000000e+00   6.65796567e-04   3.82376422e-15  -1.96214572e-14   1.65476357e-17   1.71319899e+01 
317          1.00000000e-02   3.16000000e+00   6.71555567e-04   3.85466398e-15  -1.34647068e-13   2.33103467e-18   1.71319899e+01 
318          1.00000000e-02   3.17000000e+00   6.77166349e-04   3.89098476e-15   4.25722825e-15   9.69954369e-17   1.71319899e+01 
319          1.00000000e-02   3.18000000e+00   6.82619040e-04   3.91185565e-15  -3.03799954e-14   2.52483581e-17   1.71319899e+01 
320          1.00000000e-02   3.19000000e+00   6.87903654e-04   3.93695493e-15   3.15567884e-15  -9.33362545e-17   1.71319899e+01 
321          1.00000000e-02   3.20000000e+00   6.93010107e-04   3.96584892e-15   4.81004125e-14   1.49077799e-19   1.71319899e+01 
322          1.00000000e-02   3.21000000e+00   6.97928251e-04   3.99712815e-15   5.90077032e-14  -1.09368894e-17   1.71319899e+01 
323          1.00000000e-02   3.22000000e+00   7.02647903e-04   4.01480064e-15  -9.15890627e-15   4.24871726e-17   1.71319899e+01 
324          1.00000000e-02   3.23000000e+00   7.07158868e-04   4.04277306e-15  -2.83210955e-14  -1.06319576e-16   1.71319899e+01 
325          1.00000000e-02   3.24000000e+00   7.11450985e-04   4.07681701e-15  -1.25888883e-13  -1.25537059e-16   1.71319899e+01 
326          1.00000000e-02   3.25000000e+00   7.15514151e-04   4.10191629e-15   7.06372894e-14  -5.49148400e-17   1.71319899e+01 
327          1.00000000e-02   3.26000000e+00   7.19426022e-04   4.13552656e-15  -3.38485750e-14  -8.55164464e-18   1.71319899e+01 
328          1.00000000e-02   3.27000000e+00   7.23137481e-04   4.15704797e-15   1.53696500e-14  -1.08420217e-18   1.71319899e+01 
329          1.00000000e-02   3.28000000e+00   7.26595735e-04   4.18317724e-15  -9.90631188e-14  -4.60650398e-17   1.71319899e+01 
330          1.00000000e-02   3.29000000e+00   7.29791051e-04   4.21884749e-15   8.37700135e-14  -4.43845264e-17   1.71319899e+01 
331          1.00000000e-02   3.30000000e+00   7.32713933e-04   4.25560195e-15   1.39460925e-14  -1.32950291e-16   1.71319899e+01 
332          1.00000000e-02   3.31000000e+00   7.35469886e-04   4.28373699e-15   3.86713231e-15  -3.62123526e-17   1.71319899e+01 
333          1.00000000e-02   3.32000000e+00   7.41245921e-04   4.30807733e-15  -4.07248020e-15  -6.30734614e-17   1.71319899e+01 
334          1.00000000e-02   3.33000000e+00   7.47652817e-04   4.33886867e-15  -2.89202256e-14  -2.15756232e-17   1.71319899e+01 
335          1.00000000e-02   3.34000000e+00   7.53828853e-04   4.36467269e-15   3.04819104e-14  -8.94466792e-19   1.71319899e+01 
336          1.00000000e-02   3.35000000e+00   7.59759515e-04   4.39334983e-15   7.47039149e-14  -5.52401007e-17   1.71319899e+01 
337          1.00000000e-02   3.36000000e+00   7.65430205e-04   4.41741912e-15  -2.78845957e-14  -1.35525272e-17   1.71319899e+01 
338          1.00000000e-02   3.37000000e+00   7.70826301e-04   4.44062105e-15   4.69700234e-14  -1.06726151e-16   1.71319899e+01 
339          1.00000000e-02   3.38000000e+00   7.75933200e-04   4.47742971e-15  -5.50338854e-14  -4.93447514e-17   1.71319899e+01 
340          1.00000000e-02   3.39000000e+00   7.80736385e-04   4.50664896e-15   4.80900042e-14   1.97595846e-17   1.71319899e+01 
341          1.00000000e-02   3.40000000e+00   7.85309252e-04   4.54676444e-15  -6.08638574e-14  -3.21872520e-17   1.71319899e+01 
342          1.00000000e-02   3.41000000e+00   7.89652981e-04   4.57723052e-15  -5.41233725e-15  -8.28059409e-18   1.71319899e+01 
343          1.00000000e-02   3.42000000e+00   7.93659125e-04   4.60872659e-15   3.75567633e-16  -5.60532523e-17   1.71319899e+01 
344          1.00000000e-02   3.43000000e+00   7.97313749e-04   4.63664480e-15  -4.00020728e-14  -1.07729038e-16   1.71319899e+01 
345          1.00000000e-02   3.44000000e+00   8.00608899e-04   4.67068875e-15   3.85249558e-14   5.06186889e-17   1.71319899e+01 
346          1.00000000e-02   3.45000000e+00   8.03786156e-04   4.69736012e-15  -5.03130523e-14   7.03105109e-17   1.71319899e+01 
347          1.00000000e-02   3.46000000e+00   8.06581392e-04   4.73400616e-15  -3.58374354e-14  -3.43149988e-17   1.71319899e+01 
348          1.00000000e-02   3.47000000e+00   8.11620248e-04   4.76875484e-15  -3.92303377e-14  -1.32814766e-16   1.71319899e+01 
349          1.00000000e-02   3.48000000e+00   8.18807294e-04   4.80550929e-15   1.79108030e-14  -1.45418616e-17   1.71319899e+01 
350          1.00000000e-02   3.49000000e+00   8.25667530e-04   4.83445749e-15  -4.37009370e-14  -1.71602099e-16   1.71319899e+01 
351          1.00000000e-02   3.50000000e+00   8.32180513e-04   4.86991090e-15   1.61170990e-14  -3.52365706e-18   1.71319899e+01 
352          1.00000000e-02   3.51000000e+00   8.38325777e-04   4.90742429e-15   5.20959144e-15   2.11419424e-18   1.71319899e+01 
353          1.00000000e-02   3.52000000e+00   8.44082930e-04   4.93414988e-15  -5.66040270e-15   6.76813206e-17   1.71319899e+01 
354          1.00000000e-02   3.53000000e+00   8.49431746e-04   4.96982013e-15   3.97765588e-14  -3.28513258e-17   1.71319899e+01 
355          1.00000000e-02   3.54000000e+00   8.54554520e-04   5.00592406e-15   2.94883475e-14   2.90972758e-17   1.71319899e+01 
356          1.00000000e-02   3.55000000e+00   8.59291159e-04   5.04029327e-15  -8.39562794e-15  -4.31783515e-17   1.71319899e+01 
357          1.00000000e-02   3.56000000e+00   8.63573535e-04   5.07981244e-15  -4.17014513e-14  -8.46219796e-17   1.71319899e+01 
358          1.00000000e-02   3.57000000e+00   8.67382547e-04   5.11613321e-15   9.90802492e-14   1.51544359e-16   1.71319899e+01 
359          1.00000000e-02   3.58000000e+00   8.70996551e-04   5.17706537e-15  -1.64269640e-14  -1.20996962e-16   1.71319899e+01 
360          1.00000000e-02   3.59000000e+00   8.74172100e-04   5.21024196e-15  -5.38755238e-14  -4.59159620e-17   1.71319899e+01 
361          1.00000000e-02   3.60000000e+00   8.76833969e-04   5.25209216e-15   2.58684133e-14   1.30375311e-17   1.71319899e+01 
362          1.00000000e-02   3.61000000e+00   8.80849011e-04   5.30456755e-15   8.74532651e-14   6.85757874e-17   1.71319899e+01 
363          1.00000000e-02   3.62000000e+00   8.88816257e-04   5.34381567e-15   1.72678712e-14  -9.55995266e-17   1.71319899e+01 
364          1.00000000e-02   3.63000000e+00   8.96337242e-04   5.39390581e-15  -4.82253126e-15  -4.53738609e-17   1.71319899e+01 
365          1.00000000e-02   3.64000000e+00   9.03384038e-04   5.43879178e-15  -8.71280045e-14  -2.81485989e-16   1.71319899e+01 
366          1.00000000e-02   3.65000000e+00   9.09928830e-04   5.49712185e-15  -4.98689631e-15  -1.16280683e-16   1.71319899e+01 
367          1.00000000e-02   3.66000000e+00   9.15944065e-04   5.53864680e-15  -1.91296631e-15  -2.69153189e-17   1.71319899e+01 
368          1.00000000e-02   3.67000000e+00   9.21657931e-04   5.58646011e-15  -3.95863897e-14   5.09032920e-17   1.71319899e+01 
369          1.00000000e-02   3.68000000e+00   9.26878324e-04   5.64197127e-15   4.63882405e-14   7.23704950e-17   1.71319899e+01 
370          1.00000000e-02   3.69000000e+00   9.31507953e-04   5.68848354e-15  -4.18404460e-14  -8.03393810e-17   1.71319899e+01 
371          1.00000000e-02   3.70000000e+00   9.35603428e-04   5.72491273e-15   1.31778269e-14   2.40692882e-17   1.71319899e+01 
372          1.00000000e-02   3.71000000e+00   9.39440712e-04   5.75765564e-15  -8.99844435e-15   1.10859672e-17   1.71319899e+01 
373          1.00000000e-02   3.72000000e+00   9.42632661e-04   5.81912990e-15   6.93817833e-14  -2.93276688e-17   1.71319899e+01 
374          1.00000000e-02   3.73000000e+00   9.45467920e-04   5.87485789e-15   4.05276940e-14  -7.78186109e-17   1.71319899e+01 
375          1.00000000e-02   3.74000000e+00   9.47893470e-04   5.93351323e-15  -1.09738607e-14  -7.94178091e-17   1.71319899e+01 
376          1.00000000e-02   3.75000000e+00   9.55634476e-04   5.98739808e-15  -2.50682721e-14  -1.30375311e-16   1.71319899e+01 
377          1.00000000e-02   3.76000000e+00   9.63868659e-04   6.04984812e-15  -3.45366097e-14   4.58888570e-17   1.71319899e+01 
378          1.00000000e-02   3.77000000e+00   9.71480647e-04   6.08519311e-15  -1.05217484e-14  -7.37799578e-17   1.71319899e+01 
379          1.00000000e-02   3.78000000e+00   9.78433646e-04   6.14363161e-15  -3.44535598e-14  -7.13133979e-17   1.71319899e+01 
380          1.00000000e-02   3.79000000e+00   9.84866284e-04   6.17648294e-15   3.90210867e-14  -1.86347248e-16   1.71319899e+01 
381          1.00000000e-02   3.80000000e+00   9.90817765e-04   6.24305295e-15  -8.20042818e-14   2.54787511e-18   1.71319899e+01 
382          1.00000000e-02   3.81000000e+00   9.96029582e-04   6.29823884e-15   3.16643413e-14   8.57332868e-17   1.71319899e+01 
383          1.00000000e-02   3.82000000e+00   1.00052499e-03   6.35781575e-15   3.80205849e-14  -1.42924951e-16   1.71319899e+01 
384          1.00000000e-02   3.83000000e+00   1.00473619e-03   6.42752995e-15   1.29499276e-14  -3.42607887e-17   1.71319899e+01 
385          1.00000000e-02   3.84000000e+00   1.00813658e-03   6.46054391e-15  -2.58098664e-14   1.07525750e-16   1.71319899e+01 
386          1.00000000e-02   3.85000000e+00   1.01114973e-03   6.52022924e-15   5.32649012e-14   8.34022521e-17   1.71319899e+01 
387          1.00000000e-02   3.86000000e+00   1.01358209e-03   6.58061930e-15   9.64311096e-15  -1.05113401e-16   1.71319899e+01 
388          1.00000000e-02   3.87000000e+00   1.01700938e-03   6.61845795e-15   2.30954578e-14   2.55600662e-17   1.71319899e+01 
389          1.00000000e-02   3.88000000e+00   1.02616400e-03   6.67125860e-15  -1.55908272e-14   8.29414662e-18   1.71319899e+01 
390          1.00000000e-02   3.89000000e+00   1.03453751e-03   6.73235339e-15  -2.71850684e-14  -1.20319336e-16   1.71319899e+01 
391          1.00000000e-02   3.90000000e+00   1.04208226e-03   6.78477457e-15   1.87133295e-16  -8.91214186e-17   1.71319899e+01 
392          1.00000000e-02   3.91000000e+00   1.04911608e-03   6.85213063e-15   1.07392394e-14   1.96511644e-17   1.71319899e+01 
393          1.00000000e-02   3.92000000e+00   1.05538476e-03   6.90536495e-15  -2.00421277e-14  -1.91741154e-16   1.71319899e+01 
394          1.00000000e-02   3.93000000e+00   1.06072164e-03   6.95305629e-15  -2.46872835e-14   1.76182853e-17   1.71319899e+01 
395          1.00000000e-02   3.94000000e+00   1.06548773e-03   7.01035638e-15  -8.74842733e-15   4.75964754e-17   1.71319899e+01 
396          1.00000000e-02   3.95000000e+00   1.06955078e-03   7.08175448e-15   1.84568073e-14  -1.46773869e-16   1.71319899e+01 
397          1.00000000e-02   3.96000000e+00   1.07280309e-03   7.13628477e-15   3.42150353e-14  -2.85904113e-16   1.71319899e+01 
398          1.00000000e-02   3.97000000e+00   1.07567448e-03   7.17981718e-15   2.71445193e-14  -1.72930247e-16   1.71319899e+01 
399          1.00000000e-02   3.98000000e+00   1.07774340e-03   7.22882312e-15  -7.78392108e-15  -2.20743562e-16   1.71319899e+01 
400          1.00000000e-02   3.99000000e+00   1.08079553e-03   7.29350933e-15  -3.89098476e-15  -4.75693703e-17   1.71319899e+01 
401          1.00000000e-02   4.00000000e+00   1.09037642e-03   7.35246282e-15  -5.39204098e-14  -7.72494048e-18   1.71319899e+01 
402          1.00000000e-02   4.01000000e+00   1.09896368e-03   7.39718616e-15  -7.03415191e-14   2.94631940e-17   1.71319899e+01 
403          1.00000000e-02   4.02000000e+00   1.10687808e-03   7.44705946e-15   7.30960431e-14   3.02492406e-17   1.71319899e+01 
404          1.00000000e-02   4.03000000e+00   1.11389762e-03   7.48468128e-15  -4.97453641e-15  -1.07525750e-16   1.71319899e+01 
405          1.00000000e-02   4.04000000e+00   1.11979239e-03   7.54832395e-15  -5.06406982e-14  -4.78404209e-17   1.71319899e+01 
406          1.00000000e-02   4.05000000e+00   1.12499359e-03   7.60318457e-15   8.84492132e-16  -3.01408204e-16   1.71319899e+01 
407          1.00000000e-02   4.06000000e+00   1.12931709e-03   7.66823671e-15  -5.96638624e-14  -1.10209151e-16   1.71319899e+01 
408          1.00000000e-02   4.07000000e+00   1.13275857e-03   7.74076983e-15  -6.34555342e-14  -1.62413485e-16   1.71319899e+01 
409          1.00000000e-02   4.08000000e+00   1.13560914e-03   7.81362822e-15   6.30107945e-14   7.25873354e-17   1.71319899e+01 
410          1.00000000e-02   4.09000000e+00   1.13770285e-03   7.88377610e-15  -3.70797143e-14  -1.84178844e-16   1.71319899e+01 
411          1.00000000e-02   4.10000000e+00   1.13920443e-03   7.98254692e-15  -2.79179891e-14  -8.61127575e-17   1.71319899e+01 
412          1.00000000e-02   4.11000000e+00   1.14637683e-03   8.06115157e-15  -4.57041089e-14  -1.01562639e-16   1.71319899e+01 
413          1.00000000e-02   4.12000000e+00   1.15570429e-03   8.13390154e-15  -3.67674641e-15  -7.29125961e-18   1.71319899e+01 
414          1.00000000e-02   4.13000000e+00   1.16426171e-03   8.18453378e-15   1.72444524e-14   1.46882289e-16   1.71319899e+01 
415          1.00000000e-02   4.14000000e+00   1.17152576e-03   8.24806803e-15   8.31079996e-14  -1.42220220e-16   1.71319899e+01 
416          1.00000000e-02   4.15000000e+00   1.17753003e-03   8.30206130e-15   2.35219830e-14   2.15756232e-17   1.71319899e+01 
417          1.00000000e-02   4.16000000e+00   1.18292203e-03   8.36689659e-15  -1.97686919e-14   2.20364092e-17   1.71319899e+01 
418          1.00000000e-02   4.17000000e+00   1.18687762e-03   8.43964655e-15   3.87589266e-14  -1.31920299e-16   1.71319899e+01 
419          1.00000000e-02   4.18000000e+00   1.19039988e-03   8.51575754e-15  -1.51266586e-13   8.06917467e-17   1.71319899e+01 
420          1.00000000e-02   4.19000000e+00   1.19259591e-03   8.60422844e-15   1.66013037e-15  -2.37575801e-16   1.71319899e+01 
421          1.00000000e-02   4.20000000e+00   1.19459617e-03   8.67686999e-15  -4.37514608e-14  -2.48444928e-16   1.71319899e+01 
422          1.00000000e-02   4.21000000e+00   1.19558818e-03   8.75146310e-15  -4.76827779e-14   3.11166024e-17   1.71319899e+01 
423          1.00000000e-02   4.22000000e+00   1.20262329e-03   8.82041835e-15  -3.28916581e-14  -9.39732233e-17   1.71319899e+01 
424          1.00000000e-02   4.23000000e+00   1.21244676e-03   8.89457778e-15   5.78270071e-15   3.92481186e-17   1.71319899e+01 
425          1.00000000e-02   4.24000000e+00   1.22078094e-03   8.99042125e-15  -3.65818487e-14  -1.22379320e-16   1.71319899e+01 
426          1.00000000e-02   4.25000000e+00   1.22761741e-03   9.05026921e-15   1.11933032e-14   1.32652136e-16   1.71319899e+01 
427          1.00000000e-02   4.26000000e+00   1.23371773e-03   9.12594653e-15  -1.48832769e-14  -1.26472183e-16   1.71319899e+01 
428          1.00000000e-02   4.27000000e+00   1.23815173e-03   9.17126618e-15  -4.55089525e-14   3.03766344e-16   1.71319899e+01 
429          1.00000000e-02   4.28000000e+00   1.24198001e-03   9.26515809e-15  -3.08164952e-14  -4.84096270e-17   1.71319899e+01 
430          1.00000000e-02   4.29000000e+00   1.24430566e-03   9.37271094e-15   1.62565274e-15  -8.25891005e-17   1.71319899e+01 
431          1.00000000e-02   4.30000000e+00   1.24632780e-03   9.46595233e-15  -1.00952016e-13  -3.17129135e-17   1.71319899e+01 
432          1.00000000e-02   4.31000000e+00   1.24725081e-03   9.53208866e-15  -4.36209228e-14  -1.60705867e-16   1.71319899e+01 
433          1.00000000e-02   4.32000000e+00   1.24819577e-03   9.59497239e-15  -2.50782468e-14   1.01860794e-16   1.71319899e+01 
434          1.00000000e-02   4.33000000e+00   1.25887806e-03   9.67802227e-15  -3.26099824e-14   2.08437868e-17   1.71319899e+01 
435          1.00000000e-02   4.34000000e+00   1.26783912e-03   9.76562581e-15   3.96497071e-14  -4.49401800e-17   1.71319899e+01 
436          1.00000000e-02   4.35000000e+00   1.27544985e-03   9.86645661e-15   4.37360651e-14  -2.96773240e-16   1.71319899e+01 
437          1.00000000e-02   4.36000000e+00   1.28174072e-03   9.96815477e-15   3.86476875e-14   8.02851709e-17   1.71319899e+01 
438          1.00000000e-02   4.37000000e+00   1.28638850e-03   1.00587941e-14   1.19262239e-15  -9.75239854e-17   1.71319899e+01 
439          1.00000000e-02   4.38000000e+00   1.29013787e-03   1.01247136e-14   1.14032048e-14  -9.98279150e-17   1.71319899e+01 
440          1.00000000e-02   4.39000000e+00   1.29255323e-03   1.01901994e-14   7.59592042e-16   7.31836466e-19   1.71319899e+01 
441          1.00000000e-02   4.40000000e+00   1.29394237e-03   1.02654430e-14   1.55886588e-14   3.81639165e-17   1.71319899e+01 
442          1.00000000e-02   4.41000000e+00   1.29479982e-03   1.03454571e-14   2.04723391e-14   2.12232575e-17   1.71319899e+01 
443          1.00000000e-02   4.42000000e+00   1.29448247e-03   1.04484563e-14   1.57456513e-14   2.15051501e-16   1.71319899e+01 
444          1.00000000e-02   4.43000000e+00   1.30360253e-03   1.05321567e-14   3.83840095e-14  -5.48335249e-17   1.71319899e+01 
445          1.00000000e-02   4.44000000e+00   1.31285054e-03   1.06199771e-14   5.29877791e-14  -2.17328325e-16   1.71319899e+01 
446          1.00000000e-02   4.45000000e+00   1.32078107e-03   1.06902334e-14   4.01176488e-14   1.55664327e-16   1.71319899e+01 
447          1.00000000e-02   4.46000000e+00   1.32657676e-03   1.07687297e-14  -7.56695054e-14  -1.04652615e-16   1.71319899e+01 
448          1.00000000e-02   4.47000000e+00   1.33140077e-03   1.08762825e-14  -3.00677452e-14   9.13440330e-18   1.71319899e+01 
449          1.00000000e-02   4.48000000e+00   1.33425602e-03   1.10059531e-14  -6.78665023e-14   1.90819582e-16   1.71319899e+01 
450          1.00000000e-02   4.49000000e+00   1.33649697e-03   1.10857504e-14   1.62853672e-14   9.18861341e-18   1.71319899e+01 
451          1.00000000e-02   4.50000000e+00   1.33737807e-03   1.11555730e-14  -2.29300086e-14  -1.88054867e-16   1.71319899e+01 
452          1.00000000e-02   4.51000000e+00   1.33710645e-03   1.12527175e-14  -4.31384529e-14   1.36853419e-16   1.71319899e+01 
453          1.00000000e-02   4.52000000e+00   1.33672798e-03   1.13394537e-14   1.53345218e-14   4.44251840e-17   1.71319899e+01 
454          1.00000000e-02   4.53000000e+00   1.34660452e-03   1.14270572e-14  -1.45085766e-14  -1.14817010e-16   1.71319899e+01 
455          1.00000000e-02   4.54000000e+00   1.35587381e-03   1.15289722e-14  -5.74874350e-14   8.51098705e-18   1.71319899e+01 
456          1.00000000e-02   4.55000000e+00   1.36279243e-03   1.16330556e-14  -1.66886904e-14  -3.91153039e-16   1.71319899e+01 
457          1.00000000e-02   4.56000000e+00   1.36845798e-03   1.17315012e-14   2.33632558e-14   1.80004666e-16   1.71319899e+01 
458          1.00000000e-02   4.57000000e+00   1.37185833e-03   1.18290794e-14   1.51998639e-14   8.09356922e-17   1.71319899e+01 
459          1.00000000e-02   4.58000000e+00   1.37450625e-03   1.19344638e-14   2.39482913e-14   5.08490819e-17   1.71319899e+01 
460          1.00000000e-02   4.59000000e+00   1.37546682e-03   1.20654355e-14  -2.03227192e-14   1.87594081e-16   1.71319899e+01 
461          1.00000000e-02   4.60000000e+00   1.37521513e-03   1.21526053e-14  -3.76133586e-14  -1.11130723e-18   1.71319899e+01 
462          1.00000000e-02   4.61000000e+00   1.37462985e-03   1.22029123e-14   9.70913887e-14  -5.97395397e-17   1.71319899e+01 
463          1.00000000e-02   4.62000000e+00   1.37720793e-03   1.22857453e-14  -1.85303162e-14   1.13814123e-16   1.71319899e+01 
464          1.00000000e-02   4.63000000e+00   1.38744411e-03   1.23560016e-14  -3.31032944e-14   6.77626358e-19   1.71319899e+01 
465          1.00000000e-02   4.64000000e+00   1.39521607e-03   1.24180180e-14   5.82281619e-15  -2.79724161e-17   1.71319899e+01 
466          1.00000000e-02   4.65000000e+00   1.40156070e-03   1.25064889e-14   3.61407952e-14   2.06242358e-16   1.71319899e+01 
467          1.00000000e-02   4.66000000e+00   1.40539584e-03   1.25927914e-14  -3.41764377e-14  -3.81313904e-16   1.71319899e+01 
468          1.00000000e-02   4.67000000e+00   1.40804304e-03   1.27111863e-14   2.91056242e-14  -8.28330460e-17   1.71319899e+01 
469          1.00000000e-02   4.68000000e+00   1.40904457e-03   1.28087645e-14  -3.57877790e-14   1.08474427e-16   1.71319899e+01 
470          1.00000000e-02   4.69000000e+00   1.40841592e-03   1.28902965e-14   2.99480492e-14  -6.44829242e-17   1.71319899e+01 
471          1.00000000e-02   4.70000000e+00   1.40745672e-03   1.30108598e-14  -8.91214186e-17  -4.10099472e-17   1.71319899e+01 
472          1.00000000e-02   4.71000000e+00   1.40548287e-03   1.30789476e-14  -3.39504900e-14   2.89021194e-16   1.71319899e+01 
473          1.00000000e-02   4.72000000e+00   1.41568709e-03   1.31505050e-14   5.76420422e-14   7.35902225e-17   1.71319899e+01 
474          1.00000000e-02   4.73000000e+00   1.42440619e-03   1.32602263e-14  -3.25716017e-15   1.41190228e-16   1.71319899e+01 
475          1.00000000e-02   4.74000000e+00   1.43072044e-03   1.33790548e-14   4.89059748e-14   4.19857291e-17   1.71319899e+01 
476          1.00000000e-02   4.75000000e+00   1.43487538e-03   1.34961486e-14  -2.27109997e-14   5.95226993e-17   1.71319899e+01 
477          1.00000000e-02   4.76000000e+00   1.43693252e-03   1.36010994e-14  -1.59095827e-14  -1.02267370e-16   1.71319899e+01 
478          1.00000000e-02   4.77000000e+00   1.43781468e-03   1.36934734e-14   1.01929966e-13   3.14960731e-16   1.71319899e+01 
479          1.00000000e-02   4.78000000e+00   1.43701295e-03   1.38105673e-14  -5.29166554e-14   1.25035616e-16   1.71319899e+01 
480          1.00000000e-02   4.79000000e+00   1.43473155e-03   1.38912319e-14   7.52804936e-15   2.24863531e-16   1.71319899e+01 
481          1.00000000e-02   4.80000000e+00   1.43246093e-03   1.40130962e-14   6.92132983e-14   2.44243644e-16   1.71319899e+01 
482          1.00000000e-02   4.81000000e+00   1.44106180e-03   1.41258533e-14   6.27579586e-14  -2.59530895e-16   1.71319899e+01 
483          1.00000000e-02   4.82000000e+00   1.44995595e-03   1.42555238e-14   2.95982856e-14  -1.33573708e-16   1.71319899e+01 
484          1.00000000e-02   4.83000000e+00   1.45570722e-03   1.43197086e-14   1.02628626e-13   3.99609816e-16   1.71319899e+01 
485          1.00000000e-02   4.84000000e+00   1.45988829e-03   1.44376698e-14   4.80934736e-14  -9.06393016e-17   1.71319899e+01 
486          1.00000000e-02   4.85000000e+00   1.46146639e-03   1.45430543e-14   6.22258321e-14   4.77672372e-16   1.71319899e+01 
487          1.00000000e-02   4.86000000e+00   1.46123208e-03   1.46571123e-14   5.02295688e-14   2.43593123e-16   1.71319899e+01 
488          1.00000000e-02   4.87000000e+00   1.46001545e-03   1.47546905e-14  -8.49927767e-15  -1.56070903e-16   1.71319899e+01 
489          1.00000000e-02   4.88000000e+00   1.45741101e-03   1.48947694e-14   2.68190418e-14   1.06468653e-16   1.71319899e+01 
490          1.00000000e-02   4.89000000e+00   1.45354029e-03   1.49823730e-14   3.22571830e-14   1.41976274e-16   1.71319899e+01 
491          1.00000000e-02   4.90000000e+00   1.46337397e-03   1.50621703e-14   2.07262593e-14  -2.44352065e-16   1.71319899e+01 
492          1.00000000e-02   4.91000000e+00   1.47144638e-03   1.51554116e-14  -5.64240495e-14   1.37097365e-16   1.71319899e+01 
493          1.00000000e-02   4.92000000e+00   1.47714672e-03   1.52512551e-14   3.36224104e-14   2.17626481e-16   1.71319899e+01 
494          1.00000000e-02   4.93000000e+00   1.47986177e-03   1.53731194e-14   8.76219670e-14  -7.30210163e-17   1.71319899e+01 
495          1.00000000e-02   4.94000000e+00   1.48090396e-03   1.54594219e-14   5.84343771e-14  -1.07064965e-16   1.71319899e+01 
496          1.00000000e-02   4.95000000e+00   1.47982428e-03   1.55947304e-14  -3.37076287e-14  -3.11599704e-16   1.71319899e+01 
497          1.00000000e-02   4.96000000e+00   1.47704498e-03   1.57031506e-14   7.30171132e-14  -3.02763457e-16   1.71319899e+01 
498          1.00000000e-02   4.97000000e+00   1.47334907e-03   1.57799121e-14   3.65534426e-14  -3.60497222e-17   1.71319899e+01 
499          1.00000000e-02   4.98000000e+00   1.47131542e-03   1.59347362e-14  -3.07308432e-14  -2.10877323e-16   1.71319899e+01 
500          1.00000000e-02   4.99000000e+00   1.48157036e-03   1.60197376e-14  -2.25687524e-14   2.30989273e-16   1.71319899e+01 
501          1.00000000e-02   5.00000000e+00   1.48901251e-03   1.61424693e-14   1.16436808e-14   2.64979011e-16   1.71319899e+01 
502          1.00000000e-02   5.01000000e+00   1.49343403e-03   1.62795125e-14   4.99296784e-15   8.12609528e-17   1.71319899e+01 
503          1.00000000e-02   5.02000000e+00   1.49521846e-03   1.63515035e-14   4.25475627e-14   8.29414662e-17   1.71319899e+01 
504          1.00000000e-02   5.03000000e+00   1.49441306e-03   1.64503827e-14  -1.06115203e-14  -4.86589935e-16   1.71319899e+01 
505          1.00000000e-02   5.04000000e+00   1.49202133e-03   1.65518640e-14  -5.57021877e-14   1.16497523e-16   1.71319899e+01 
506          1.00000000e-02   5.05000000e+00   1.48844348e-03   1.66620190e-14  -1.70816052e-14  -3.69658731e-16   1.71319899e+01 
507          1.00000000e-02   5.06000000e+00   1.48371488e-03   1.67713066e-14   4.24751380e-14  -8.61940727e-17   1.71319899e+01 
508          1.00000000e-02   5.07000000e+00   1.48624503e-03   1.68953393e-14  -9.35861631e-15  -2.81784145e-16   1.71319899e+01 
509          1.00000000e-02   5.08000000e+00   1.49563607e-03   1.70289130e-14  -5.67146156e-15  -4.29615111e-16   1.71319899e+01 
510          1.00000000e-02   5.09000000e+00   1.50165584e-03   1.71876402e-14   3.51480997e-14   3.27320636e-16   1.71319899e+01 
511          1.00000000e-02   5.10000000e+00   1.50433968e-03   1.72821826e-14   9.58634214e-14  -3.18213338e-17   1.71319899e+01 
512          1.00000000e-02   5.11000000e+00   1.50432662e-03   1.74010112e-14  -4.66673141e-14   1.87838026e-16   1.71319899e+01 
513          1.00000000e-02   5.12000000e+00   1.50228904e-03   1.74929515e-14  -1.84778408e-14  -2.40150781e-17   1.71319899e+01 
514          1.00000000e-02   5.13000000e+00   1.49843596e-03   1.76551482e-14   4.18311219e-14   2.39337630e-16   1.71319899e+01 
515          1.00000000e-02   5.14000000e+00   1.49326272e-03   1.77895892e-14  -2.87790625e-14   8.85251074e-17   1.71319899e+01 
516          1.00000000e-02   5.15000000e+00   1.48704543e-03   1.79118873e-14  -3.54382322e-14   2.83247818e-16   1.71319899e+01 
517          1.00000000e-02   5.16000000e+00   1.49701548e-03   1.80151033e-14   4.62566183e-14  -2.11636264e-16   1.71319899e+01 
518          1.00000000e-02   5.17000000e+00   1.50456076e-03   1.81261256e-14  -1.14144805e-14  -2.97071395e-17   1.71319899e+01 
519          1.00000000e-02   5.18000000e+00   1.50832146e-03   1.82319437e-14  -8.39714583e-15   8.35919875e-17   1.71319899e+01 
520          1.00000000e-02   5.19000000e+00   1.50937147e-03   1.83481702e-14  -6.48649971e-14  -5.42101086e-17   1.71319899e+01 
521          1.00000000e-02   5.20000000e+00   1.50750146e-03   1.84531210e-14  -5.46721956e-14   1.01481323e-16   1.71319899e+01 
522          1.00000000e-02   5.21000000e+00   1.50346891e-03   1.85936336e-14  -1.89340731e-14  -3.21736995e-16   1.71319899e+01 
523          1.00000000e-02   5.22000000e+00   1.49792554e-03   1.86968496e-14   3.59421694e-14  -3.75676053e-17   1.71319899e+01 
524          1.00000000e-02   5.23000000e+00   1.49128808e-03   1.88234844e-14  -3.82833956e-14  -4.11617355e-16   1.71319899e+01 
525          1.00000000e-02   5.24000000e+00   1.49300921e-03   1.89735380e-14  -5.18595583e-14  -3.90638043e-16   1.71319899e+01 
526          1.00000000e-02   5.25000000e+00   1.50205332e-03   1.90967034e-14   1.03800649e-13  -1.24683250e-18   1.71319899e+01 
527          1.00000000e-02   5.26000000e+00   1.50715298e-03   1.92077257e-14   8.36136715e-16  -1.67888706e-16   1.71319899e+01 
528          1.00000000e-02   5.27000000e+00   1.50925725e-03   1.93152785e-14   4.43575298e-14  -3.30681663e-18   1.71319899e+01 
529          1.00000000e-02   5.28000000e+00   1.50774453e-03   1.94592606e-14   1.64998223e-14   2.76200503e-16   1.71319899e+01 
530          1.00000000e-02   5.29000000e+00   1.50367774e-03   1.95954364e-14  -9.29378102e-15   1.95156391e-17   1.71319899e+01 
531          1.00000000e-02   5.30000000e+00   1.49787254e-03   1.97272754e-14  -1.67268543e-14   2.36898175e-17   1.71319899e+01 
532          1.00000000e-02   5.31000000e+00   1.49089567e-03   1.98530428e-14   9.50992757e-14  -3.47974687e-16   1.71319899e+01 
533          1.00000000e-02   5.32000000e+00   1.48335690e-03   2.00178416e-14   1.50053581e-15   5.56737816e-17   1.71319899e+01 
534          1.00000000e-02   5.33000000e+00   1.49392492e-03   2.01427416e-14  -1.82521099e-14  -7.43762690e-17   1.71319899e+01 
535          1.00000000e-02   5.34000000e+00   1.50063401e-03   2.03144793e-14   2.83824613e-14   1.57751416e-16   1.71319899e+01 
536          1.00000000e-02   5.35000000e+00   1.50394184e-03   2.04272363e-14  -9.04074992e-14  -2.55709082e-16   1.71319899e+01 
537          1.00000000e-02   5.36000000e+00   1.50307873e-03   2.05495343e-14   2.99612765e-14  -1.23599048e-16   1.71319899e+01 
538          1.00000000e-02   5.37000000e+00   1.49945447e-03   2.06805059e-14   5.75667986e-15   1.94614290e-17   1.71319899e+01 
539          1.00000000e-02   5.38000000e+00   1.49346244e-03   2.08175491e-14   2.95750837e-14  -1.64256629e-16   1.71319899e+01 
540          1.00000000e-02   5.39000000e+00   1.48613723e-03   2.09146936e-14  -2.88135401e-14   2.61238513e-16   1.71319899e+01 
541          1.00000000e-02   5.40000000e+00   1.47811789e-03   2.10395937e-14  -1.16328388e-13   2.56305394e-16   1.71319899e+01 
542          1.00000000e-02   5.41000000e+00   1.48008649e-03   2.11939841e-14  -1.80877448e-14  -1.84531210e-16   1.71319899e+01 
543          1.00000000e-02   5.42000000e+00   1.48868040e-03   2.13154147e-14  -1.91773680e-14   1.44144679e-16   1.71319899e+01 
544          1.00000000e-02   5.43000000e+00   1.49332668e-03   2.14307738e-14  -6.27085189e-14  -7.06357715e-17   1.71319899e+01 
545          1.00000000e-02   5.44000000e+00   1.49383928e-03   2.15331225e-14  -2.38962496e-14  -8.70614345e-17   1.71319899e+01 
546          1.00000000e-02   5.45000000e+00   1.49093352e-03   2.16476143e-14   1.75068293e-14  -4.05003722e-16   1.71319899e+01 
547          1.00000000e-02   5.46000000e+00   1.48513536e-03   2.17707796e-14  -3.13165292e-14  -1.48047807e-16   1.71319899e+01 
548          1.00000000e-02   5.47000000e+00   1.47759080e-03   2.18904755e-14  -4.16030058e-15   4.29344060e-17   1.71319899e+01 
549          1.00000000e-02   5.48000000e+00   1.46929992e-03   2.20127735e-14  -3.84447248e-14  -3.25206442e-16   1.71319899e+01 
550          1.00000000e-02   5.49000000e+00   1.46098827e-03   2.21810417e-14  -4.18998603e-14  -5.25838054e-17   1.71319899e+01 
551          1.00000000e-02   5.50000000e+00   1.47104860e-03   2.23293606e-14   1.06642126e-14  -4.85722573e-17   1.71319899e+01 
552          1.00000000e-02   5.51000000e+00   1.47726003e-03   2.24481891e-14  -2.17228579e-14  -2.74736831e-16   1.71319899e+01 
553          1.00000000e-02   5.52000000e+00   1.47943124e-03   2.25592114e-14  -3.88259303e-14  -6.40492433e-16   1.71319899e+01 
554          1.00000000e-02   5.53000000e+00   1.47787561e-03   2.26424782e-14   7.42006283e-15  -3.64888241e-16   1.71319899e+01 
555          1.00000000e-02   5.54000000e+00   1.47280567e-03   2.27890623e-14   5.71266125e-15  -1.42084695e-16   1.71319899e+01 
556          1.00000000e-02   5.55000000e+00   1.46552557e-03   2.28966152e-14   4.85176135e-14   4.43926580e-16   1.71319899e+01 
557          1.00000000e-02   5.56000000e+00   1.45712659e-03   2.30145764e-14   7.29060909e-14   1.50812522e-16   1.71319899e+01 
558          1.00000000e-02   5.57000000e+00   1.44868719e-03   2.31117209e-14  -1.75439090e-14  -2.64816381e-16   1.71319899e+01 
559          1.00000000e-02   5.58000000e+00   1.44748520e-03   2.32478967e-14   2.43078127e-16   3.24881181e-16   1.71319899e+01 
560          1.00000000e-02   5.59000000e+00   1.45554333e-03   2.33719294e-14   5.76405243e-15  -1.67400815e-16   1.71319899e+01 
561          1.00000000e-02   5.60000000e+00   1.45991557e-03   2.35306566e-14  -5.02592759e-15  -2.68882139e-16   1.71319899e+01 
562          1.00000000e-02   5.61000000e+00   1.46031322e-03   2.36408115e-14   2.32838922e-14   9.30245464e-17   1.71319899e+01 
563          1.00000000e-02   5.62000000e+00   1.45669174e-03   2.37648443e-14  -3.37512136e-14  -1.98571628e-16   1.71319899e+01 
564          1.00000000e-02   5.63000000e+00   1.45026683e-03   2.38992853e-14   3.37273612e-14   4.30916153e-16   1.71319899e+01 
565          1.00000000e-02   5.64000000e+00   1.44221662e-03   2.40233181e-14  -2.70608189e-14  -5.56304135e-16   1.71319899e+01 
566          1.00000000e-02   5.65000000e+00   1.43407535e-03   2.41421466e-14  -2.08127786e-14   3.47378376e-16   1.71319899e+01 
567          1.00000000e-02   5.66000000e+00   1.42572991e-03   2.42523016e-14  -3.69554647e-14  -6.00051692e-16   1.71319899e+01 
568          1.00000000e-02   5.67000000e+00   1.42939483e-03   2.43858753e-14   3.84538321e-14  -1.60082451e-16   1.71319899e+01 
569          1.00000000e-02   5.68000000e+00   1.43568489e-03   2.45246531e-14  -3.58294124e-14  -1.45066251e-16   1.71319899e+01 
570          1.00000000e-02   5.69000000e+00   1.43817075e-03   2.46669005e-14  -4.53556463e-14  -5.19766521e-16   1.71319899e+01 
571          1.00000000e-02   5.70000000e+00   1.43690479e-03   2.47831269e-14  -1.76690260e-14   9.18861341e-17   1.71319899e+01 
572          1.00000000e-02   5.71000000e+00   1.43210150e-03   2.49496604e-14  -3.04443970e-16   2.33320308e-16   1.71319899e+01 
573          1.00000000e-02   5.72000000e+00   1.42507212e-03   2.50893056e-14  -3.56010794e-14  -3.68953999e-16   1.71319899e+01 
574          1.00000000e-02   5.73000000e+00   1.41747498e-03   2.52549717e-14  -3.32869583e-14   9.48676901e-18   1.71319899e+01 
575          1.00000000e-02   5.74000000e+00   1.40967019e-03   2.53911475e-14   6.88576800e-15  -3.52311496e-16   1.71319899e+01 
576          1.00000000e-02   5.75000000e+00   1.40176640e-03   2.55143129e-14  -2.08680729e-14  -3.31061133e-16   1.71319899e+01 
577          1.00000000e-02   5.76000000e+00   1.40720252e-03   2.56270699e-14  -1.69395747e-14  -1.88488548e-16   1.71319899e+01 
578          1.00000000e-02   5.77000000e+00   1.41214287e-03   2.57346228e-14   3.46606424e-14  -4.08744219e-16   1.71319899e+01 
579          1.00000000e-02   5.78000000e+00   1.41338610e-03   2.58534513e-14   1.81556159e-14  -3.71447664e-16   1.71319899e+01 
580          1.00000000e-02   5.79000000e+00   1.41114204e-03   2.59792188e-14   5.52528943e-14  -1.49782530e-16   1.71319899e+01 
581          1.00000000e-02   5.80000000e+00   1.40590624e-03   2.61162619e-14   1.34020399e-14   1.89193279e-17   1.71319899e+01 
582          1.00000000e-02   5.81000000e+00   1.39939476e-03   2.62602440e-14   1.23527490e-14  -2.97288236e-16   1.71319899e+01 
583          1.00000000e-02   5.82000000e+00   1.39238823e-03   2.63625927e-14   6.57590302e-15   1.63606108e-16   1.71319899e+01 
584          1.00000000e-02   5.83000000e+00   1.38514299e-03   2.64718802e-14  -4.31794357e-14  -9.02598309e-17   1.71319899e+01 
585          1.00000000e-02   5.84000000e+00   1.37789480e-03   2.66332095e-14   1.42347072e-14   2.61292724e-16   1.71319899e+01 
586          1.00000000e-02   5.85000000e+00   1.38289051e-03   2.67702527e-14  -1.17759535e-14  -1.45716772e-16   1.71319899e+01 
587          1.00000000e-02   5.86000000e+00   1.38686993e-03   2.68830097e-14  -5.70056155e-14   7.97972799e-17   1.71319899e+01 
588          1.00000000e-02   5.87000000e+00   1.38738908e-03   2.70235223e-14   7.49725802e-15  -1.72496566e-16   1.71319899e+01 
589          1.00000000e-02   5.88000000e+00   1.38479680e-03   2.71675044e-14  -4.81058336e-14  -1.62467696e-16   1.71319899e+01 
590          1.00000000e-02   5.89000000e+00   1.38016021e-03   2.73201600e-14  -3.64226878e-14  -3.68737159e-16   1.71319899e+01 
591          1.00000000e-02   5.90000000e+00   1.37433278e-03   2.74450601e-14   3.20477152e-14  -1.78730728e-16   1.71319899e+01 
592          1.00000000e-02   5.91000000e+00   1.36794626e-03   2.76202672e-14  -3.48226222e-14  -1.10751252e-16   1.71319899e+01 
593          1.00000000e-02   5.92000000e+00   1.36140834e-03   2.77798617e-14   5.04479271e-15  -2.54191199e-16   1.71319899e+01 
594          1.00000000e-02   5.93000000e+00   1.35490430e-03   2.79134355e-14   5.16147455e-14  -1.82037545e-16   1.71319899e+01 
595          1.00000000e-02   5.94000000e+00   1.35817838e-03   2.80400703e-14  -2.60245384e-14  -5.30716963e-17   1.71319899e+01 
596          1.00000000e-02   5.95000000e+00   1.36157020e-03   2.82031343e-14   1.16469334e-14  -1.90331691e-16   1.71319899e+01 
597          1.00000000e-02   5.96000000e+00   1.36211122e-03   2.83262996e-14   2.66895880e-14   1.73363927e-16   1.71319899e+01 
598          1.00000000e-02   5.97000000e+00   1.35985433e-03   2.84546692e-14   2.88612450e-14  -3.73670279e-16   1.71319899e+01 
599          1.00000000e-02   5.98000000e+00   1.35573329e-03   2.85847734e-14  -5.84643011e-14  -3.73616069e-16   1.71319899e+01 
600          1.00000000e-02   5.99000000e+00   1.35085584e-03   2.87009999e-14  -7.30789127e-14  -3.42878937e-16   1.71319899e+01 
601          1.00000000e-02   6.00000000e+00   1.34544823e-03   2.88120222e-14   6.55135668e-14  -3.89662261e-16   1.71319899e+01 
