#    s        x        y     Ue/Vinf    Dstar     Theta      Cf       H
   0.00000  0.98481 -0.17365  0.92747  0.030562  0.009089  0.000009     3.363
   0.00838  0.97703 -0.17051  0.92595  0.027896  0.009167  0.000065     3.043
   0.01975  0.96648 -0.16629  0.92906  0.025671  0.009015  0.000128     2.848
   0.03288  0.95428 -0.16146  0.93427  0.023372  0.008778  0.000204     2.663
   0.04741  0.94074 -0.15616  0.94172  0.021107  0.008462  0.000297     2.494
   0.06289  0.92631 -0.15058  0.95134  0.018970  0.008087  0.000408     2.346
   0.07890  0.91134 -0.14486  0.96282  0.017029  0.007678  0.000535     2.218
   0.09521  0.89609 -0.13912  0.97576  0.015312  0.007258  0.000676     2.110
   0.11165  0.88067 -0.13338  0.98973  0.013820  0.006844  0.000828     2.019
   0.12817  0.86517 -0.12769  1.00436  0.012534  0.006449  0.000987     1.944
   0.14472  0.84961 -0.12205  1.01933  0.011430  0.006078  0.001150     1.881
   0.16129  0.83401 -0.11648  1.03437  0.010484  0.005735  0.001314     1.828
   0.17787  0.81837 -0.11096  1.04930  0.009671  0.005420  0.001477     1.784
   0.19445  0.80271 -0.10551  1.06400  0.008968  0.005132  0.001637     1.747
   0.21103  0.78703 -0.10012  1.07839  0.008357  0.004869  0.001794     1.716
   0.22761  0.77133 -0.09479  1.09244  0.007822  0.004628  0.001947     1.690
   0.24420  0.75560 -0.08953  1.10614  0.007349  0.004407  0.002097     1.668
   0.26077  0.73986 -0.08434  1.11951  0.006929  0.004204  0.002242     1.648
   0.27735  0.72410 -0.07921  1.13256  0.006552  0.004015  0.002383     1.632
   0.29392  0.70832 -0.07414  1.14535  0.006210  0.003840  0.002521     1.617
   0.31048  0.69253 -0.06915  1.15789  0.005899  0.003676  0.002657     1.605
   0.32704  0.67672 -0.06422  1.17023  0.005613  0.003522  0.002790     1.594
   0.34358  0.66090 -0.05936  1.18240  0.005349  0.003377  0.002921     1.584
   0.36012  0.64507 -0.05457  1.19445  0.005104  0.003239  0.003051     1.576
   0.37665  0.62923 -0.04986  1.20640  0.004874  0.003108  0.003180     1.568
   0.39316  0.61338 -0.04522  1.21830  0.004659  0.002984  0.003309     1.561
   0.40967  0.59753 -0.04065  1.23017  0.004455  0.002864  0.003438     1.555
   0.42615  0.58166 -0.03616  1.24205  0.004261  0.002750  0.003568     1.550
   0.44262  0.56580 -0.03175  1.25396  0.004077  0.002639  0.003700     1.545
   0.45908  0.54992 -0.02742  1.26594  0.003901  0.002532  0.003833     1.540
   0.47551  0.53405 -0.02317  1.27803  0.003732  0.002429  0.003969     1.536
   0.49192  0.51817 -0.01902  1.29025  0.003570  0.002329  0.004109     1.533
   0.50831  0.50229 -0.01495  1.30264  0.003413  0.002232  0.004252     1.529
   0.52468  0.48642 -0.01097  1.31524  0.003261  0.002137  0.004401     1.526
   0.54101  0.47055 -0.00709  1.32811  0.003112  0.002044  0.004557     1.523
   0.55731  0.45470 -0.00331  1.34130  0.002968  0.001954  0.004721     1.519
   0.57357  0.43886  0.00037  1.35493  0.002826  0.001864  0.004897     1.516
   0.58977  0.42305  0.00393  1.36904  0.002685  0.001776  0.005087     1.512
   0.60589  0.40731  0.00737  1.38433  0.002541  0.001687  0.005310     1.507
   0.62188  0.39166  0.01067  1.39973  0.002403  0.001600  0.005542     1.501
   0.63778  0.37607  0.01380  1.41441  0.002278  0.001521  0.005760     1.498
   0.65362  0.36051  0.01677  1.42892  0.002160  0.001445  0.005977     1.495
   0.66940  0.34498  0.01959  1.44335  0.002048  0.001372  0.006196     1.493
   0.68513  0.32948  0.02223  1.45780  0.001941  0.001302  0.006418     1.491
   0.70080  0.31400  0.02471  1.47235  0.001839  0.001234  0.006646     1.490
   0.71642  0.29856  0.02701  1.48706  0.001740  0.001169  0.006880     1.489
   0.73197  0.28315  0.02912  1.50198  0.001644  0.001105  0.007123     1.488
   0.74745  0.26779  0.03105  1.51719  0.001551  0.001042  0.007376     1.488
   0.76286  0.25248  0.03278  1.53274  0.001460  0.000981  0.007642     1.488
   0.77818  0.23723  0.03430  1.54873  0.001372  0.000922  0.007924     1.488
   0.79341  0.22206  0.03561  1.56523  0.001285  0.000864  0.008226     1.488
   0.80853  0.20699  0.03670  1.58235  0.001200  0.000806  0.008553     1.489
   0.82351  0.19202  0.03756  1.60022  0.001117  0.000750  0.008911     1.489
   0.83835  0.17720  0.03818  1.61898  0.001034  0.000695  0.009312     1.489
   0.85301  0.16255  0.03854  1.63881  0.000952  0.000640  0.009769     1.488
   0.86743  0.14812  0.03864  1.65988  0.000871  0.000586  0.010299     1.486
   0.88157  0.13399  0.03847  1.68240  0.000790  0.000533  0.010930     1.482
   0.89532  0.12024  0.03802  1.70655  0.000709  0.000481  0.011692     1.476
   0.90857  0.10701  0.03729  1.73247  0.000630  0.000430  0.012624     1.467
   0.92119  0.09444  0.03630  1.76015  0.000554  0.000380  0.013753     1.456
   0.93299  0.08270  0.03507  1.78927  0.000481  0.000333  0.015050     1.445
   0.94384  0.07194  0.03365  1.81907  0.000418  0.000289  0.016286     1.444
   0.95363  0.06227  0.03208  1.84831  0.000371  0.000251  0.016541     1.481
   0.96234  0.05372  0.03042  1.87675  0.000363  0.000219  0.013375     1.657
   0.97002  0.04623  0.02872  1.91561  0.000440  0.000192  0.006599     2.289
   0.97677  0.03971  0.02701  2.05202  0.000665  0.000129 -0.001107     5.162
   0.98270  0.03403  0.02530  2.07386  0.000642  0.000120 -0.001207     5.341
   0.98794  0.02907  0.02361  2.09568  0.000561  0.000112 -0.001280     5.003
   0.99259  0.02473  0.02193  2.12044  0.000468  0.000104 -0.001142     4.486
   0.99676  0.02091  0.02027  2.14945  0.000382  0.000096 -0.000407     3.975
   1.00051  0.01754  0.01862  2.18294  0.000312  0.000088  0.001184     3.554
   1.00393  0.01455  0.01697  2.21998  0.000258  0.000079  0.003528     3.245
   1.00705  0.01190  0.01532  2.25776  0.000216  0.000071  0.006473     3.023
   1.00993  0.00956  0.01365  2.29329  0.000183  0.000064  0.009995     2.856
   1.01259  0.00749  0.01197  2.32358  0.000156  0.000057  0.014141     2.724
   1.01508  0.00568  0.01026  2.34507  0.000133  0.000051  0.018952     2.616
   1.01741  0.00412  0.00852  2.35324  0.000115  0.000046  0.024368     2.525
   1.01961  0.00281  0.00676  2.34260  0.000101  0.000041  0.030145     2.448
   1.02170  0.00173  0.00497  2.30739  0.000089  0.000037  0.035788     2.384
   1.02368  0.00090  0.00317  2.24301  0.000080  0.000035  0.040595     2.331
   1.02558  0.00030  0.00137  2.14852  0.000074  0.000032  0.043492     2.295
   1.02740 -0.00007 -0.00041  2.03008  0.000071  0.000031  0.044232     2.274
   1.02924 -0.00023 -0.00225  1.88602  0.000067  0.000030  0.044046     2.248
   1.03116 -0.00016 -0.00416  1.71048  0.000066  0.000030  0.041764     2.226
   1.03315  0.00016 -0.00613  1.51116  0.000066  0.000030  0.037375     2.210
   1.03523  0.00075 -0.00813  1.29987  0.000068  0.000031  0.031508     2.200
   1.03742  0.00161 -0.01014  1.08933  0.000071  0.000032  0.025270     2.194
   1.03973  0.00273 -0.01216  0.88950  0.000076  0.000035  0.019240     2.196
   1.04219  0.00413 -0.01418  0.70551  0.000082  0.000037  0.014202     2.192
   1.04481  0.00580 -0.01620  0.53987  0.000090  0.000041  0.009824     2.206
   1.04764  0.00776 -0.01824  0.39150  0.000097  0.000044  0.006627     2.197
   1.05069  0.01002 -0.02030  0.25979  0.000108  0.000048  0.003875     2.225
   1.05403  0.01261 -0.02239  0.14176  0.000115  0.000052  0.002006     2.212
   1.05769  0.01558 -0.02455  0.03657  0.000134  0.000060  0.000436     2.230
   1.06175  0.01897 -0.02677 -0.05835  0.000134  0.000060  0.000695     2.230
   1.06629  0.02287 -0.02909 -0.14465  0.000156  0.000069  0.001442     2.260
   1.07140  0.02736 -0.03153 -0.22277  0.000167  0.000075  0.002127     2.234
   1.07720  0.03256 -0.03411 -0.29475  0.000186  0.000082  0.002436     2.274
   1.08383  0.03859 -0.03685 -0.36043  0.000202  0.000089  0.002774     2.262
   1.09143  0.04561 -0.03977 -0.42102  0.000223  0.000098  0.002864     2.286
   1.10014  0.05375 -0.04288 -0.47613  0.000244  0.000107  0.002953     2.288
   1.11004  0.06309 -0.04615 -0.52612  0.000269  0.000117  0.002923     2.303
   1.12115  0.07367 -0.04956 -0.57067  0.000295  0.000128  0.002870     2.311
   1.13339  0.08540 -0.05305 -0.60987  0.000323  0.000139  0.002774     2.322
   1.14659  0.09813 -0.05655 -0.64383  0.000352  0.000151  0.002665     2.331
   1.16057  0.11167 -0.06001 -0.67302  0.000381  0.000163  0.002549     2.341
   1.17515  0.12585 -0.06339 -0.69797  0.000410  0.000175  0.002432     2.350
   1.19017  0.14051 -0.06667 -0.71932  0.000440  0.000187  0.002320     2.358
   1.20554  0.15555 -0.06984 -0.73764  0.000469  0.000198  0.002214     2.366
   1.22118  0.17089 -0.07291 -0.75344  0.000498  0.000210  0.002115     2.373
   1.23703  0.18646 -0.07587 -0.76716  0.000526  0.000221  0.002023     2.380
   1.25305  0.20222 -0.07874 -0.77915  0.000554  0.000232  0.001939     2.387
   1.26922  0.21815 -0.08151 -0.78971  0.000582  0.000243  0.001861     2.393
   1.28551  0.23421 -0.08421 -0.79907  0.000609  0.000254  0.001790     2.398
   1.30191  0.25040 -0.08684 -0.80743  0.000635  0.000264  0.001725     2.403
   1.31840  0.26669 -0.08941 -0.81497  0.000661  0.000275  0.001666     2.407
   1.33498  0.28308 -0.09193 -0.82183  0.000686  0.000284  0.001613     2.411
   1.35163  0.29954 -0.09439 -0.82813  0.000710  0.000294  0.001566     2.413
   1.36835  0.31608 -0.09682 -0.83400  0.000733  0.000304  0.001524     2.415
   1.38512  0.33269 -0.09921 -0.83952  0.000755  0.000313  0.001488     2.416
   1.40194  0.34934 -0.10158 -0.84483  0.000776  0.000321  0.001459     2.415
   1.41879  0.36603 -0.10392 -0.85003  0.000795  0.000329  0.001437     2.412
   1.43565  0.38272 -0.10623 -0.85547  0.000810  0.000337  0.001432     2.404
   1.45245  0.39937 -0.10851 -0.86122  0.000821  0.000343  0.001438     2.393
   1.46922  0.41599 -0.11074 -0.86599  0.000841  0.000351  0.001403     2.398
   1.48599  0.43262 -0.11292 -0.87023  0.000862  0.000358  0.001364     2.406
   1.50279  0.44928 -0.11506 -0.87404  0.000884  0.000366  0.001326     2.414
   1.51960  0.46596 -0.11717 -0.87753  0.000906  0.000374  0.001291     2.421
   1.53645  0.48268 -0.11924 -0.88075  0.000927  0.000382  0.001260     2.426
   1.55331  0.49942 -0.12129 -0.88376  0.000947  0.000390  0.001231     2.431
   1.57020  0.51619 -0.12331 -0.88660  0.000967  0.000397  0.001206     2.434
   1.58711  0.53298 -0.12531 -0.88930  0.000986  0.000404  0.001183     2.437
   1.60404  0.54979 -0.12728 -0.89187  0.001004  0.000412  0.001162     2.439
   1.62099  0.56663 -0.12924 -0.89435  0.001022  0.000419  0.001143     2.440
   1.63796  0.58349 -0.13118 -0.89674  0.001040  0.000426  0.001126     2.441
   1.65494  0.60036 -0.13310 -0.89907  0.001056  0.000433  0.001110     2.442
   1.67193  0.61724 -0.13501 -0.90135  0.001073  0.000439  0.001096     2.441
   1.68894  0.63414 -0.13690 -0.90359  0.001088  0.000446  0.001084     2.441
   1.70596  0.65106 -0.13879 -0.90580  0.001103  0.000452  0.001073     2.440
   1.72298  0.66798 -0.14066 -0.90799  0.001118  0.000458  0.001063     2.439
   1.74002  0.68491 -0.14252 -0.91016  0.001132  0.000464  0.001054     2.437
   1.75706  0.70185 -0.14437 -0.91233  0.001145  0.000470  0.001046     2.435
   1.77410  0.71880 -0.14622 -0.91451  0.001158  0.000476  0.001040     2.433
   1.79115  0.73575 -0.14805 -0.91669  0.001170  0.000481  0.001034     2.430
   1.80821  0.75270 -0.14988 -0.91888  0.001182  0.000487  0.001029     2.428
   1.82526  0.76966 -0.15170 -0.92109  0.001193  0.000492  0.001025     2.425
   1.84231  0.78662 -0.15350 -0.92332  0.001203  0.000497  0.001022     2.422
   1.85937  0.80357 -0.15530 -0.92558  0.001213  0.000502  0.001020     2.418
   1.87641  0.82053 -0.15709 -0.92787  0.001222  0.000506  0.001018     2.414
   1.89345  0.83747 -0.15886 -0.93019  0.001231  0.000511  0.001018     2.410
   1.91046  0.85440 -0.16062 -0.93256  0.001239  0.000515  0.001018     2.406
   1.92745  0.87129 -0.16237 -0.93498  0.001246  0.000519  0.001019     2.402
   1.94435  0.88811 -0.16409 -0.93745  0.001253  0.000523  0.001022     2.397
   1.96111  0.90478 -0.16578 -0.93997  0.001259  0.000526  0.001025     2.391
   1.97757  0.92115 -0.16743 -0.94251  0.001264  0.000530  0.001029     2.386
   1.99344  0.93695 -0.16900 -0.94491  0.001269  0.000533  0.001031     2.382
   2.00831  0.95174 -0.17046 -0.94682  0.001280  0.000537  0.001022     2.385
   2.02166  0.96503 -0.17175 -0.94613  0.001324  0.000546  0.000946     2.427
   2.03312  0.97644 -0.17285 -0.94221  0.001419  0.000562  0.000791     2.528
   2.04153  0.98481 -0.17365 -0.92747  0.002606  0.000613 -0.000065     4.254
   2.04153  0.98490 -0.17367  0.92747  0.033168  0.009702  0.000000     3.419
   2.04992  0.99307 -0.17560  0.92052  0.029304  0.010085  0.000000     2.906
   2.05957  1.00250 -0.17766  0.91856  0.027228  0.010189  0.000000     2.672
   2.07067  1.01337 -0.17993  0.91779  0.025266  0.010228  0.000000     2.470
   2.08345  1.02590 -0.18243  0.91819  0.023388  0.010209  0.000000     2.291
   2.09814  1.04032 -0.18519  0.91981  0.021575  0.010133  0.000000     2.129
   2.11503  1.05694 -0.18824  0.92267  0.019846  0.010007  0.000000     1.983
   2.13447  1.07608 -0.19161  0.92663  0.018227  0.009840  0.000000     1.852
   2.15682  1.09813 -0.19533  0.93148  0.016746  0.009647  0.000000     1.736
   2.18254  1.12351 -0.19942  0.93692  0.015419  0.009442  0.000000     1.633
   2.21211  1.15275 -0.20392  0.94262  0.014251  0.009239  0.000000     1.542
   2.24613  1.18641 -0.20884  0.94832  0.013235  0.009046  0.000000     1.463
   2.28526  1.22517 -0.21423  0.95382  0.012359  0.008868  0.000000     1.394
   2.33027  1.26979 -0.22010  0.95900  0.011607  0.008708  0.000000     1.333
   2.38204  1.32117 -0.22647  0.96380  0.010965  0.008565  0.000000     1.280
   2.44159  1.38031 -0.23338  0.96821  0.010416  0.008439  0.000000     1.234
   2.51009  1.44840 -0.24083  0.97222  0.009950  0.008328  0.000000     1.195
   2.58887  1.52678 -0.24884  0.97584  0.009555  0.008230  0.000000     1.161
   2.67949  1.61699 -0.25741  0.97910  0.009223  0.008144  0.000000     1.133
   2.78373  1.72083 -0.26656  0.98202  0.008946  0.008069  0.000000     1.109
   2.90362  1.84033 -0.27628  0.98458  0.008717  0.008004  0.000000     1.089
   3.04153  1.97785 -0.28656  0.98741  0.008513  0.007933  0.000000     1.073
