actuator_ROM 80 40 1.000e+02
residual and conservation information
n            dt               t                res              maxdiv           umom             vmom             k
1            5.00000000e-02   0.00000000e+00   2.50000000e-02   1.31838984e-15   3.19981399e+01   1.93306471e-16   1.59991461e+01
2            5.00000000e-02   5.00000000e-02   2.47816370e-02   1.16573418e-15   3.19868347e+01   1.66257321e-16   1.59878766e+01 
3            5.00000000e-02   1.00000000e-01   2.47256473e-02   1.11022302e-15   3.19754869e+01   1.00505541e-16   1.59766332e+01 
4            5.00000000e-02   1.50000000e-01   2.46702118e-02   9.85322934e-16   3.19641056e+01   5.74720325e-17   1.59654227e+01 
5            5.00000000e-02   2.00000000e-01   2.46154666e-02   9.57567359e-16   3.19526991e+01   3.53498613e-17   1.59542507e+01 
6            5.00000000e-02   2.50000000e-01   2.45615394e-02   8.60422844e-16   3.19412752e+01   3.73416592e-17   1.59431227e+01 
7            5.00000000e-02   3.00000000e-01   2.45085491e-02   7.77156117e-16   3.19298410e+01   2.30854595e-17   1.59320434e+01 
8            5.00000000e-02   3.50000000e-01   2.44566052e-02   6.66133815e-16   3.19184029e+01   7.65378971e-18   1.59210169e+01 
9            5.00000000e-02   4.00000000e-01   2.44058083e-02   6.10622664e-16   3.19069669e+01   5.15673658e-18   1.59100468e+01 
10           5.00000000e-02   4.50000000e-01   2.43562494e-02   6.10622664e-16   3.18955384e+01  -1.81265051e-18   1.58991361e+01 
11           5.00000000e-02   5.00000000e-01   2.43080104e-02   5.96744876e-16   3.18841221e+01  -1.21667813e-17   1.58882874e+01 
12           5.00000000e-02   5.50000000e-01   2.42611641e-02   4.85722573e-16   3.18727225e+01  -3.44030902e-17   1.58775026e+01 
13           5.00000000e-02   6.00000000e-01   2.42157738e-02   4.54497551e-16   3.18613434e+01  -7.32226102e-17   1.58667833e+01 
14           5.00000000e-02   6.50000000e-01   2.41718945e-02   4.79217360e-16   3.18499881e+01  -3.70949609e-17   1.58561307e+01 
15           5.00000000e-02   7.00000000e-01   2.41295720e-02   5.04370851e-16   3.18386598e+01  -3.50671640e-17   1.58455456e+01 
16           5.00000000e-02   7.50000000e-01   2.40888442e-02   5.03503489e-16   3.18273611e+01  -3.07557663e-17   1.58350283e+01 
17           5.00000000e-02   8.00000000e-01   2.40497406e-02   5.22585447e-16   3.18160943e+01  -3.27344353e-17   1.58245789e+01 
18           5.00000000e-02   8.50000000e-01   2.40122832e-02   5.35595873e-16   3.18048614e+01  -5.17689597e-17   1.58141973e+01 
19           5.00000000e-02   9.00000000e-01   2.39764865e-02   5.32560107e-16   3.17936642e+01  -1.50314467e-17   1.58038830e+01 
20           5.00000000e-02   9.50000000e-01   2.39423583e-02   5.59014640e-16   3.17825042e+01  -6.04019195e-17   1.57936355e+01 
21           5.00000000e-02   1.00000000e+00   2.39098996e-02   5.61183044e-16   3.17713827e+01  -2.14197692e-17   1.57834539e+01 
22           5.00000000e-02   1.05000000e+00   2.38791053e-02   5.93709110e-16   3.17603007e+01  -5.74779617e-17   1.57733374e+01 
23           5.00000000e-02   1.10000000e+00   2.38499645e-02   5.87637577e-16   3.17492592e+01  -1.45316972e-17   1.57632849e+01 
24           5.00000000e-02   1.15000000e+00   2.38224609e-02   6.04984812e-16   3.17382592e+01   1.79587925e-17   1.57532953e+01 
25           5.00000000e-02   1.20000000e+00   2.37965734e-02   6.15826834e-16   3.17273012e+01  -1.64154985e-18   1.57433675e+01 
26           5.00000000e-02   1.25000000e+00   2.37722763e-02   6.82830528e-16   3.17163859e+01   4.08388465e-17   1.57335005e+01 
27           5.00000000e-02   1.30000000e+00   2.37495396e-02   7.43762690e-16   3.17055140e+01   3.70509152e-17   1.57236930e+01 
28           5.00000000e-02   1.35000000e+00   2.37283295e-02   8.10549544e-16   3.16946860e+01   2.32019265e-17   1.57139440e+01 
29           5.00000000e-02   1.40000000e+00   2.37086090e-02   8.51966067e-16   3.16839024e+01   3.26683667e-17   1.57042524e+01 
30           5.00000000e-02   1.45000000e+00   2.36903377e-02   9.13115070e-16   3.16731639e+01   5.95870738e-17   1.56946173e+01 
31           5.00000000e-02   1.50000000e+00   2.36734726e-02   9.74047232e-16   3.16624710e+01   6.06644997e-17   1.56850379e+01 
32           5.00000000e-02   1.55000000e+00   2.36579683e-02   1.04929086e-15   3.16518243e+01   7.86724201e-17   1.56755134e+01 
33           5.00000000e-02   1.60000000e+00   2.36437772e-02   1.14079753e-15   3.16412246e+01   3.43895377e-17   1.56660433e+01 
34           5.00000000e-02   1.65000000e+00   2.36308499e-02   1.19067083e-15   3.16306725e+01   6.65158033e-17   1.56566269e+01 
35           5.00000000e-02   1.70000000e+00   2.36191355e-02   1.23512311e-15   3.16201690e+01   4.12437283e-17   1.56472639e+01 
36           5.00000000e-02   1.75000000e+00   2.36085817e-02   1.31838984e-15   3.16097148e+01   4.82436085e-17   1.56379543e+01 
37           5.00000000e-02   1.80000000e+00   2.35991352e-02   1.38777878e-15   3.15993111e+01   2.83654393e-17   1.56286979e+01 
38           5.00000000e-02   1.85000000e+00   2.35907420e-02   1.44047101e-15   3.15889589e+01   5.94278316e-18   1.56194949e+01 
39           5.00000000e-02   1.90000000e+00   2.35833473e-02   1.49880108e-15   3.15786595e+01   6.36697726e-17   1.56103455e+01 
40           5.00000000e-02   1.95000000e+00   2.35768961e-02   1.55431223e-15   3.15684141e+01   5.62904215e-17   1.56012503e+01 
41           5.00000000e-02   2.00000000e+00   2.35713332e-02   1.59312667e-15   3.15582243e+01  -1.81807152e-17   1.55922098e+01 
42           5.00000000e-02   2.05000000e+00   2.35666032e-02   1.63194111e-15   3.15480914e+01   7.02020907e-17   1.55832248e+01 
43           5.00000000e-02   2.10000000e+00   2.35626511e-02   1.68485018e-15   3.15380173e+01  -4.82469967e-18   1.55742963e+01 
44           5.00000000e-02   2.15000000e+00   2.35594222e-02   1.73472348e-15   3.15280035e+01   7.72629573e-17   1.55654253e+01 
45           5.00000000e-02   2.20000000e+00   2.35568622e-02   1.76790006e-15   3.15180520e+01   3.53314383e-17   1.55566131e+01 
46           5.00000000e-02   2.25000000e+00   2.35549175e-02   1.79847456e-15   3.15081647e+01   5.07271091e-17   1.55478609e+01 
47           5.00000000e-02   2.30000000e+00   2.35535353e-02   1.85680464e-15   3.14983436e+01   5.72729798e-17   1.55391704e+01 
48           5.00000000e-02   2.35000000e+00   2.35526636e-02   1.83728900e-15   3.14885908e+01  -2.07760241e-17   1.55305430e+01 
49           5.00000000e-02   2.40000000e+00   2.35522515e-02   1.89561908e-15   3.14789085e+01   5.67444312e-17   1.55219805e+01 
50           5.00000000e-02   2.45000000e+00   2.35522493e-02   1.93183143e-15   3.14692990e+01   4.55907014e-17   1.55134847e+01 
51           5.00000000e-02   2.50000000e+00   2.35526083e-02   1.97064587e-15   3.14597644e+01   9.20487644e-17   1.55050574e+01 
52           5.00000000e-02   2.55000000e+00   2.35532813e-02   1.96782694e-15   3.14503071e+01   5.28006458e-17   1.54967005e+01 
53           5.00000000e-02   2.60000000e+00   2.35542225e-02   1.99579936e-15   3.14409295e+01  -3.27971157e-17   1.54884162e+01 
54           5.00000000e-02   2.65000000e+00   2.35553877e-02   2.00946031e-15   3.14316339e+01   4.55771488e-17   1.54802063e+01 
55           5.00000000e-02   2.70000000e+00   2.35567341e-02   2.02615702e-15   3.14224227e+01  -1.46489266e-16   1.54720730e+01 
56           5.00000000e-02   2.75000000e+00   2.35582206e-02   2.03179487e-15   3.14132983e+01   3.28648784e-17   1.54640183e+01 
57           5.00000000e-02   2.80000000e+00   2.35598079e-02   2.04285373e-15   3.14042630e+01  -1.53143557e-17   1.54560443e+01 
58           5.00000000e-02   2.85000000e+00   2.35614585e-02   2.02333809e-15   3.13953191e+01  -1.04774587e-16   1.54481531e+01 
59           5.00000000e-02   2.90000000e+00   2.35631364e-02   2.04545582e-15   3.13864688e+01  -1.07268252e-16   1.54403468e+01 
60           5.00000000e-02   2.95000000e+00   2.35648080e-02   2.04827474e-15   3.13777145e+01  -7.15437909e-17   1.54326273e+01 
61           5.00000000e-02   3.00000000e+00   2.35664412e-02   2.05109367e-15   3.13690583e+01  -9.39325657e-17   1.54249965e+01 
62           5.00000000e-02   3.05000000e+00   2.35680059e-02   2.04567266e-15   3.13605022e+01  -3.27564581e-17   1.54174565e+01 
63           5.00000000e-02   3.10000000e+00   2.35694742e-02   2.03743272e-15   3.13520483e+01   2.79182059e-18   1.54100090e+01 
64           5.00000000e-02   3.15000000e+00   2.35708199e-02   2.04003481e-15   3.13436984e+01  -4.42625537e-17   1.54026559e+01 
65           5.00000000e-02   3.20000000e+00   2.35720190e-02   2.03461380e-15   3.13354544e+01  -8.07595093e-17   1.53953987e+01 
66           5.00000000e-02   3.25000000e+00   2.35730494e-02   2.03179487e-15   3.13273179e+01   8.27381783e-17   1.53882391e+01 
67           5.00000000e-02   3.30000000e+00   2.35738911e-02   2.01227923e-15   3.13192906e+01   9.29161262e-17   1.53811786e+01 
68           5.00000000e-02   3.35000000e+00   2.35745260e-02   1.99840144e-15   3.13113739e+01   7.63820431e-17   1.53742185e+01 
69           5.00000000e-02   3.40000000e+00   2.35749382e-02   1.99840144e-15   3.13035692e+01  -3.55347262e-17   1.53673601e+01 
70           5.00000000e-02   3.45000000e+00   2.35751136e-02   1.96782694e-15   3.12958776e+01   5.57008866e-17   1.53606045e+01 
71           5.00000000e-02   3.50000000e+00   2.35750402e-02   1.94007137e-15   3.12883002e+01  -6.57839668e-17   1.53539528e+01 
72           5.00000000e-02   3.55000000e+00   2.35747077e-02   1.90689478e-15   3.12808380e+01  -1.38561038e-16   1.53474058e+01 
73           5.00000000e-02   3.60000000e+00   2.35741080e-02   1.91513472e-15   3.12734918e+01  -6.36697726e-17   1.53409644e+01 
74           5.00000000e-02   3.65000000e+00   2.35732348e-02   1.87350135e-15   3.12662622e+01   1.90169061e-16   1.53346291e+01 
75           5.00000000e-02   3.70000000e+00   2.35720835e-02   1.87632028e-15   3.12591497e+01   1.61600334e-16   1.53284004e+01 
76           5.00000000e-02   3.75000000e+00   2.35706513e-02   1.85680464e-15   3.12521547e+01   1.82498331e-16   1.53222789e+01 
77           5.00000000e-02   3.80000000e+00   2.35689373e-02   1.83468692e-15   3.12452775e+01   1.12594396e-16   1.53162645e+01 
78           5.00000000e-02   3.85000000e+00   2.35669421e-02   1.82362805e-15   3.12385180e+01   1.40431286e-16   1.53103576e+01 
79           5.00000000e-02   3.90000000e+00   2.35646680e-02   1.77917577e-15   3.12318764e+01   6.87926278e-17   1.53045581e+01 
80           5.00000000e-02   3.95000000e+00   2.35621189e-02   1.77635684e-15   3.12253524e+01  -7.44846892e-17   1.52988659e+01 
81           5.00000000e-02   4.00000000e+00   2.35592999e-02   1.74578234e-15   3.12189457e+01   3.85162822e-16   1.52932806e+01 
82           5.00000000e-02   4.05000000e+00   2.35562178e-02   1.72930247e-15   3.12126559e+01   2.15810442e-16   1.52878020e+01 
83           5.00000000e-02   4.10000000e+00   2.35528806e-02   1.73298875e-15   3.12064824e+01   3.88144378e-17   1.52824294e+01 
84           5.00000000e-02   4.15000000e+00   2.35492977e-02   1.77505580e-15   3.12004246e+01  -2.63461128e-17   1.52771624e+01 
85           5.00000000e-02   4.20000000e+00   2.35454794e-02   1.78503046e-15   3.11944816e+01  -1.69867375e-16   1.52720002e+01 
86           5.00000000e-02   4.25000000e+00   2.35414374e-02   1.80064297e-15   3.11886527e+01   2.20906193e-16   1.52669420e+01 
87           5.00000000e-02   4.30000000e+00   2.35371841e-02   1.84314369e-15   3.11829368e+01   1.07498645e-16   1.52619869e+01 
88           5.00000000e-02   4.35000000e+00   2.35327330e-02   1.86829718e-15   3.11773328e+01  -7.16115535e-17   1.52571338e+01 
89           5.00000000e-02   4.40000000e+00   2.35280985e-02   1.90125693e-15   3.11718396e+01   1.18557508e-16   1.52523817e+01 
90           5.00000000e-02   4.45000000e+00   2.35232957e-02   1.92727778e-15   3.11664558e+01   6.09701092e-16   1.52477294e+01 
91           5.00000000e-02   4.50000000e+00   2.35183401e-02   1.93161459e-15   3.11611803e+01   2.49583340e-16   1.52431755e+01 
92           5.00000000e-02   4.55000000e+00   2.35132481e-02   1.95633440e-15   3.11560114e+01   3.65105082e-16   1.52387189e+01 
93           5.00000000e-02   4.60000000e+00   2.35080365e-02   2.02919279e-15   3.11509479e+01   1.20346441e-17   1.52343581e+01 
94           5.00000000e-02   4.65000000e+00   2.35027224e-02   2.01965181e-15   3.11459882e+01   1.38750773e-16   1.52300916e+01 
95           5.00000000e-02   4.70000000e+00   2.34973233e-02   2.07386192e-15   3.11411306e+01   3.02275566e-16   1.52259180e+01 
96           5.00000000e-02   4.75000000e+00   2.34918569e-02   2.09251019e-15   3.11363736e+01   7.88757080e-17   1.52218356e+01 
97           5.00000000e-02   4.80000000e+00   2.34863411e-02   2.12807202e-15   3.11317155e+01   5.54027310e-16   1.52178429e+01 
98           5.00000000e-02   4.85000000e+00   2.34807938e-02   2.14758766e-15   3.11271546e+01   4.11400514e-16   1.52139382e+01 
99           5.00000000e-02   4.90000000e+00   2.34752330e-02   2.16797066e-15   3.11226892e+01   4.32881270e-16   1.52101199e+01 
100          5.00000000e-02   4.95000000e+00   2.34696763e-02   2.22478286e-15   3.11183174e+01   6.31276715e-16   1.52063861e+01 
101          5.00000000e-02   5.00000000e+00   2.34641416e-02   2.26338046e-15   3.11140376e+01   9.87233841e-16   1.52027353e+01 
102          5.00000000e-02   5.05000000e+00   2.34586463e-02   2.28853395e-15   3.11098479e+01   5.84262998e-16   1.51991656e+01 
103          5.00000000e-02   5.10000000e+00   2.34532075e-02   2.30674854e-15   3.11057465e+01   9.75470247e-16   1.51956752e+01 
104          5.00000000e-02   5.15000000e+00   2.34478420e-02   2.36399442e-15   3.11017317e+01   5.41016884e-16   1.51922625e+01 
105          5.00000000e-02   5.20000000e+00   2.34425662e-02   2.39738784e-15   3.10978015e+01   7.14855150e-16   1.51889256e+01 
106          5.00000000e-02   5.25000000e+00   2.34373960e-02   2.42254133e-15   3.10939543e+01   2.67228730e-16   1.51856626e+01 
107          5.00000000e-02   5.30000000e+00   2.34323467e-02   2.43685280e-15   3.10901883e+01   6.96898051e-16   1.51824720e+01 
108          5.00000000e-02   5.35000000e+00   2.34274333e-02   2.47545040e-15   3.10865015e+01   8.37180260e-16   1.51793517e+01 
109          5.00000000e-02   5.40000000e+00   2.34226698e-02   2.48455770e-15   3.10828924e+01   9.37252121e-16   1.51763002e+01 
110          5.00000000e-02   5.45000000e+00   2.34180698e-02   2.53443100e-15   3.10793590e+01   8.33236475e-16   1.51733156e+01 
111          5.00000000e-02   5.50000000e+00   2.34136462e-02   2.58950847e-15   3.10758997e+01   1.02860971e-15   1.51703961e+01 
112          5.00000000e-02   5.55000000e+00   2.34094110e-02   2.59731472e-15   3.10725128e+01   7.75340079e-16   1.51675402e+01 
113          5.00000000e-02   5.60000000e+00   2.34053755e-02   2.60512098e-15   3.10691965e+01   8.19982103e-16   1.51647459e+01 
114          5.00000000e-02   5.65000000e+00   2.34015503e-02   2.64024913e-15   3.10659492e+01   5.28426586e-16   1.51620117e+01 
115          5.00000000e-02   5.70000000e+00   2.33979452e-02   2.67407624e-15   3.10627693e+01   3.81517192e-16   1.51593359e+01 
116          5.00000000e-02   5.75000000e+00   2.33945690e-02   2.70877071e-15   3.10596551e+01   8.46504399e-16   1.51567169e+01 
117          5.00000000e-02   5.80000000e+00   2.33914298e-02   2.74866935e-15   3.10566051e+01   5.50788256e-16   1.51541531e+01 
118          5.00000000e-02   5.85000000e+00   2.33885348e-02   2.78076173e-15   3.10536176e+01   1.01513849e-15   1.51516428e+01 
119          5.00000000e-02   5.90000000e+00   2.33858904e-02   2.80244578e-15   3.10506913e+01   8.53836316e-16   1.51491845e+01 
120          5.00000000e-02   5.95000000e+00   2.33835020e-02   2.83453816e-15   3.10478245e+01   9.30259017e-16   1.51467768e+01 
121          5.00000000e-02   6.00000000e+00   2.33813743e-02   2.87356944e-15   3.10450159e+01   1.13152760e-15   1.51444182e+01 
122          5.00000000e-02   6.05000000e+00   2.33795110e-02   2.87443680e-15   3.10422640e+01   9.35795224e-16   1.51421071e+01 
123          5.00000000e-02   6.10000000e+00   2.33779149e-02   2.93168267e-15   3.10395674e+01   1.14235607e-15   1.51398423e+01 
124          5.00000000e-02   6.15000000e+00   2.33765880e-02   2.92040697e-15   3.10369248e+01   7.68787432e-16   1.51376223e+01 
125          5.00000000e-02   6.20000000e+00   2.33755316e-02   2.97678548e-15   3.10343348e+01   1.64665915e-15   1.51354457e+01 
126          5.00000000e-02   6.25000000e+00   2.33747459e-02   2.97071395e-15   3.10317962e+01   7.92450144e-16   1.51333114e+01 
127          5.00000000e-02   6.30000000e+00   2.33742305e-02   3.01061259e-15   3.10293076e+01   6.71175355e-16   1.51312180e+01 
128          5.00000000e-02   6.35000000e+00   2.33739840e-02   3.02795983e-15   3.10268680e+01   1.00180281e-15   1.51291643e+01 
129          5.00000000e-02   6.40000000e+00   2.33740043e-02   3.08260362e-15   3.10244761e+01   7.48675481e-16   1.51271490e+01 
130          5.00000000e-02   6.45000000e+00   2.33742886e-02   3.08000153e-15   3.10221307e+01   1.63581713e-15   1.51251712e+01 
131          5.00000000e-02   6.50000000e+00   2.33748334e-02   3.11903281e-15   3.10198307e+01   1.16130250e-15   1.51232296e+01 
132          5.00000000e-02   6.55000000e+00   2.33756342e-02   3.12510434e-15   3.10175750e+01   7.91528572e-16   1.51213231e+01 
133          5.00000000e-02   6.60000000e+00   2.33766861e-02   3.12770643e-15   3.10153626e+01   1.22162480e-15   1.51194508e+01 
134          5.00000000e-02   6.65000000e+00   2.33779834e-02   3.17107451e-15   3.10131924e+01   1.21544485e-15   1.51176115e+01 
135          5.00000000e-02   6.70000000e+00   2.33795199e-02   3.16413562e-15   3.10110635e+01   1.78429184e-15   1.51158044e+01 
136          5.00000000e-02   6.75000000e+00   2.33812886e-02   3.19275856e-15   3.10089748e+01   7.35959823e-16   1.51140284e+01 
137          5.00000000e-02   6.80000000e+00   2.33832821e-02   3.20403426e-15   3.10069255e+01   1.02611265e-15   1.51122828e+01 
138          5.00000000e-02   6.85000000e+00   2.33854923e-02   3.22832039e-15   3.10049146e+01   1.60021464e-15   1.51105666e+01 
139          5.00000000e-02   6.90000000e+00   2.33879108e-02   3.23265720e-15   3.10029412e+01   1.35410075e-15   1.51088789e+01 
140          5.00000000e-02   6.95000000e+00   2.33905287e-02   3.26995375e-15   3.10010045e+01   1.63338107e-15   1.51072190e+01 
141          5.00000000e-02   7.00000000e+00   2.33933364e-02   3.28122945e-15   3.09991037e+01   1.37010290e-15   1.51055861e+01 
142          5.00000000e-02   7.05000000e+00   2.33963243e-02   3.28990307e-15   3.09972380e+01   9.09865851e-16   1.51039794e+01 
143          5.00000000e-02   7.10000000e+00   2.33994822e-02   3.31332184e-15   3.09954065e+01   1.38686737e-15   1.51023982e+01 
144          5.00000000e-02   7.15000000e+00   2.34027996e-02   3.30681663e-15   3.09936086e+01   1.52177939e-15   1.51008419e+01 
145          5.00000000e-02   7.20000000e+00   2.34062658e-02   3.35061839e-15   3.09918436e+01   2.17099288e-15   1.50993098e+01 
146          5.00000000e-02   7.25000000e+00   2.34098698e-02   3.34541422e-15   3.09901107e+01   1.03927554e-15   1.50978013e+01 
147          5.00000000e-02   7.30000000e+00   2.34136005e-02   3.35018471e-15   3.09884092e+01   1.25259910e-15   1.50963158e+01 
148          5.00000000e-02   7.35000000e+00   2.34174465e-02   3.35625625e-15   3.09867386e+01   1.95366794e-15   1.50948526e+01 
149          5.00000000e-02   7.40000000e+00   2.34213963e-02   3.36276146e-15   3.09850981e+01   1.64183784e-15   1.50934113e+01 
150          5.00000000e-02   7.45000000e+00   2.34254384e-02   3.36189410e-15   3.09834873e+01   1.70969026e-15   1.50919913e+01 
151          5.00000000e-02   7.50000000e+00   2.34295613e-02   3.39181808e-15   3.09819055e+01   1.58695858e-15   1.50905922e+01 
152          5.00000000e-02   7.55000000e+00   2.34337531e-02   3.37967501e-15   3.09803521e+01   1.18777228e-15   1.50892135e+01 
153          5.00000000e-02   7.60000000e+00   2.34380025e-02   3.40569586e-15   3.09788267e+01   1.42067585e-15   1.50878547e+01 
154          5.00000000e-02   7.65000000e+00   2.34422978e-02   3.40135906e-15   3.09773287e+01   1.28610433e-15   1.50865153e+01 
155          5.00000000e-02   7.70000000e+00   2.34466277e-02   3.40959899e-15   3.09758575e+01   1.27814731e-15   1.50851952e+01 
156          5.00000000e-02   7.75000000e+00   2.34509808e-02   3.41350212e-15   3.09744129e+01   1.02891633e-15   1.50838937e+01 
157          5.00000000e-02   7.80000000e+00   2.34553461e-02   3.43605353e-15   3.09729942e+01   1.54315850e-15   1.50826106e+01 
158          5.00000000e-02   7.85000000e+00   2.34597125e-02   3.42694623e-15   3.09716010e+01   1.32932673e-15   1.50813455e+01 
159          5.00000000e-02   7.90000000e+00   2.34640694e-02   3.43084935e-15   3.09702329e+01   1.89835161e-15   1.50800982e+01 
160          5.00000000e-02   7.95000000e+00   2.34684064e-02   3.46077333e-15   3.09688896e+01   9.00063986e-16   1.50788683e+01 
161          5.00000000e-02   8.00000000e+00   2.34727133e-02   3.45296708e-15   3.09675705e+01   1.52008194e-15   1.50776555e+01 
162          5.00000000e-02   8.05000000e+00   2.34769803e-02   3.43084935e-15   3.09662755e+01   1.30268924e-15   1.50764596e+01 
163          5.00000000e-02   8.10000000e+00   2.34811979e-02   3.45556916e-15   3.09650039e+01   1.24093715e-15   1.50752804e+01 
164          5.00000000e-02   8.15000000e+00   2.34853571e-02   3.44082401e-15   3.09637557e+01   1.53009217e-15   1.50741175e+01 
165          5.00000000e-02   8.20000000e+00   2.34894491e-02   3.43475248e-15   3.09625303e+01   1.29179809e-15   1.50729708e+01 
166          5.00000000e-02   8.25000000e+00   2.34934655e-02   3.43258408e-15   3.09613274e+01   1.58630467e-15   1.50718401e+01 
167          5.00000000e-02   8.30000000e+00   2.34973987e-02   3.44212506e-15   3.09601469e+01   1.40207839e-15   1.50707252e+01 
168          5.00000000e-02   8.35000000e+00   2.35012411e-02   3.47421744e-15   3.09589883e+01   1.46921761e-15   1.50696259e+01 
169          5.00000000e-02   8.40000000e+00   2.35049858e-02   3.45687021e-15   3.09578514e+01   1.25506566e-15   1.50685421e+01 
170          5.00000000e-02   8.45000000e+00   2.35086264e-02   3.47031431e-15   3.09567358e+01   1.34678239e-15   1.50674735e+01 
171          5.00000000e-02   8.50000000e+00   2.35121570e-02   3.46727855e-15   3.09556414e+01   1.16410957e-15   1.50664201e+01 
172          5.00000000e-02   8.55000000e+00   2.35155720e-02   3.46250806e-15   3.09545678e+01   2.07946419e-15   1.50653817e+01 
173          5.00000000e-02   8.60000000e+00   2.35188666e-02   3.46033965e-15   3.09535148e+01   1.34638428e-15   1.50643582e+01 
174          5.00000000e-02   8.65000000e+00   2.35220364e-02   3.50500878e-15   3.09524822e+01   1.89067579e-15   1.50633495e+01 
175          5.00000000e-02   8.70000000e+00   2.35250774e-02   3.47638585e-15   3.09514696e+01   1.62391801e-15   1.50623554e+01 
176          5.00000000e-02   8.75000000e+00   2.35279865e-02   3.45903861e-15   3.09504769e+01   1.00619721e-15   1.50613759e+01 
177          5.00000000e-02   8.80000000e+00   2.35307607e-02   3.48549314e-15   3.09495039e+01   1.38562393e-15   1.50604109e+01 
178          5.00000000e-02   8.85000000e+00   2.35333977e-02   3.49243204e-15   3.09485502e+01   1.39478544e-15   1.50594602e+01 
179          5.00000000e-02   8.90000000e+00   2.35358959e-02   3.47898793e-15   3.09476156e+01   1.62976593e-15   1.50585238e+01 
180          5.00000000e-02   8.95000000e+00   2.35382541e-02   3.47508480e-15   3.09467000e+01   2.21707994e-15   1.50576016e+01 
181          5.00000000e-02   9.00000000e+00   2.35404714e-02   3.47855425e-15   3.09458031e+01   1.51123044e-15   1.50566936e+01 
182          5.00000000e-02   9.05000000e+00   2.35425478e-02   3.46814591e-15   3.09449247e+01   1.12331138e-15   1.50557995e+01 
183          5.00000000e-02   9.10000000e+00   2.35444835e-02   3.46294174e-15   3.09440645e+01   1.06279765e-15   1.50549194e+01 
184          5.00000000e-02   9.15000000e+00   2.35462792e-02   3.46814591e-15   3.09432224e+01   2.12900376e-15   1.50540531e+01 
185          5.00000000e-02   9.20000000e+00   2.35479364e-02   3.46467646e-15   3.09423981e+01   1.35337738e-15   1.50532007e+01 
186          5.00000000e-02   9.25000000e+00   2.35494566e-02   3.47551848e-15   3.09415915e+01   1.61317425e-15   1.50523619e+01 
187          5.00000000e-02   9.30000000e+00   2.35508421e-02   3.47681953e-15   3.09408022e+01   1.30529302e-15   1.50515368e+01 
188          5.00000000e-02   9.35000000e+00   2.35520954e-02   3.48245738e-15   3.09400300e+01   1.69838237e-15   1.50507253e+01 
189          5.00000000e-02   9.40000000e+00   2.35532196e-02   3.48722787e-15   3.09392748e+01   1.34719913e-15   1.50499272e+01 
190          5.00000000e-02   9.45000000e+00   2.35542179e-02   3.47638585e-15   3.09385364e+01   1.20043203e-15   1.50491426e+01 
191          5.00000000e-02   9.50000000e+00   2.35550942e-02   3.48159002e-15   3.09378144e+01   1.25662759e-15   1.50483712e+01 
192          5.00000000e-02   9.55000000e+00   2.35558525e-02   3.49416676e-15   3.09371087e+01   1.61606348e-15   1.50476130e+01 
193          5.00000000e-02   9.60000000e+00   2.35564972e-02   3.49806989e-15   3.09364190e+01   1.15674716e-15   1.50468680e+01 
194          5.00000000e-02   9.65000000e+00   2.35570331e-02   3.48592682e-15   3.09357452e+01   1.87180729e-15   1.50461360e+01 
195          5.00000000e-02   9.70000000e+00   2.35574650e-02   3.49893725e-15   3.09350869e+01   1.63942973e-15   1.50454170e+01 
196          5.00000000e-02   9.75000000e+00   2.35577982e-02   3.50414142e-15   3.09344441e+01   1.35256169e-15   1.50447108e+01 
197          5.00000000e-02   9.80000000e+00   2.35580381e-02   3.50934559e-15   3.09338163e+01   1.81467830e-15   1.50440173e+01 
198          5.00000000e-02   9.85000000e+00   2.35581904e-02   3.50284038e-15   3.09332034e+01   1.90583599e-15   1.50433364e+01 
199          5.00000000e-02   9.90000000e+00   2.35582608e-02   3.50370774e-15   3.09326052e+01   1.19779649e-15   1.50426681e+01 
200          5.00000000e-02   9.95000000e+00   2.35582552e-02   3.48852891e-15   3.09320214e+01   7.73726481e-16   1.50420121e+01 
201          5.00000000e-02   1.00000000e+01   2.35581798e-02   3.51454976e-15   3.09314518e+01   1.57639332e-15   1.50413684e+01 
